  MQ Gas Sensor Data Logger
Press the reset button to start measurements.
1009,289.00,482.00,137.00,285.00
2044,289.00,483.00,137.00,286.00
3047,289.00,482.00,137.00,286.00
4049,288.00,482.00,137.00,286.00
5051,288.00,482.00,137.00,286.00
6053,287.00,482.00,137.00,286.00
7056,287.00,481.00,138.00,286.00
8058,286.00,480.00,137.00,286.00
9061,286.00,479.00,138.00,286.00
10063,286.00,476.00,137.00,286.00
11066,285.00,474.00,137.00,286.00
12068,285.00,473.00,137.00,286.00
13071,285.00,474.00,137.00,286.00
14073,285.00,475.00,138.00,286.00
15075,286.00,476.00,138.00,286.00
16077,285.00,476.00,137.00,286.00
17080,285.00,477.00,137.00,286.00
18082,286.00,477.00,137.00,286.00
19085,285.00,477.00,137.00,286.00
20087,284.00,476.00,137.00,286.00
21090,284.00,476.00,137.00,286.00
22092,284.00,476.00,137.00,286.00
23095,283.00,476.00,137.00,286.00
24097,283.00,476.00,137.00,286.00
25100,283.00,475.00,137.00,285.00
26102,283.00,475.00,137.00,285.00
27105,282.00,473.00,136.00,285.00
28107,282.00,471.00,136.00,285.00
29109,282.00,470.00,136.00,285.00
30111,282.00,471.00,136.00,285.00
31114,283.00,472.00,136.00,285.00
32116,283.00,472.00,136.00,284.00
33119,283.00,472.00,136.00,284.00
34121,284.00,473.00,136.00,284.00
35124,284.00,472.00,136.00,284.00
36126,284.00,472.00,136.00,284.00
37129,284.00,472.00,135.00,283.00
38131,284.00,472.00,135.00,283.00
39134,284.00,472.00,135.00,283.00
40136,284.00,472.00,135.00,283.00
41139,284.00,472.00,135.00,283.00
42141,285.00,471.00,135.00,282.00
43144,285.00,471.00,135.00,282.00
44145,285.00,471.00,135.00,282.00
45148,285.00,471.00,134.00,282.00
46150,285.00,471.00,134.00,282.00
47153,284.00,470.00,134.00,281.00
48155,284.00,470.00,134.00,281.00
49158,283.00,469.00,134.00,281.00
50160,283.00,467.00,134.00,281.00
51163,282.00,465.00,134.00,280.00
52165,282.00,465.00,134.00,280.00
53168,282.00,466.00,134.00,280.00
54170,282.00,466.00,133.00,280.00
55173,283.00,467.00,133.00,279.00
56175,283.00,467.00,133.00,279.00
57178,283.00,467.00,133.00,279.00
58179,283.00,467.00,133.00,279.00
59182,283.00,467.00,133.00,278.00
60184,284.00,466.00,133.00,278.00
61187,284.00,466.00,132.00,278.00
62189,284.00,466.00,132.00,278.00
63192,284.00,466.00,132.00,277.00
64194,284.00,466.00,132.00,277.00
65197,284.00,466.00,132.00,277.00
66199,284.00,465.00,132.00,276.00
67202,284.00,465.00,132.00,276.00
68204,284.00,465.00,132.00,276.00
69207,284.00,465.00,131.00,276.00
70209,284.00,464.00,131.00,276.00
71212,284.00,464.00,131.00,275.00
72213,284.00,464.00,131.00,275.00
73216,284.00,464.00,131.00,275.00
74218,284.00,463.00,130.00,274.00
75220,284.00,463.00,130.00,274.00
76223,284.00,463.00,130.00,274.00
77225,284.00,463.00,130.00,274.00
78228,284.00,463.00,130.00,274.00
79230,284.00,463.00,130.00,273.00
80233,284.00,462.00,130.00,273.00
81235,284.00,462.00,130.00,273.00
82238,284.00,462.00,130.00,273.00
83240,284.00,462.00,130.00,273.00
84243,283.00,462.00,129.00,272.00
85245,283.00,462.00,129.00,272.00
86247,283.00,461.00,129.00,272.00
87249,283.00,461.00,129.00,272.00
88252,283.00,461.00,130.00,272.00
89254,282.00,461.00,129.00,272.00
90257,282.00,461.00,129.00,271.00
91259,281.00,460.00,129.00,271.00
92262,281.00,460.00,129.00,271.00
93264,281.00,460.00,129.00,271.00
94267,281.00,460.00,129.00,271.00
95269,281.00,459.00,129.00,270.00
96272,281.00,459.00,129.00,270.00
97274,281.00,459.00,128.00,270.00
98277,281.00,459.00,128.00,270.00
99279,281.00,458.00,128.00,270.00
100281,280.00,458.00,128.00,269.00
101283,280.00,458.00,128.00,269.00
102286,280.00,458.00,128.00,269.00
103288,279.00,457.00,128.00,269.00
104291,279.00,457.00,128.00,269.00
105293,278.00,457.00,128.00,268.00
106296,278.00,456.00,128.00,268.00
107298,278.00,456.00,128.00,268.00
108301,278.00,456.00,128.00,268.00
109303,278.00,456.00,128.00,267.00
110306,278.00,455.00,128.00,267.00
111308,277.00,455.00,127.00,267.00
112311,277.00,455.00,127.00,267.00
113313,276.00,454.00,127.00,267.00
114316,276.00,454.00,127.00,266.00
115318,276.00,454.00,127.00,266.00
116321,276.00,454.00,126.00,266.00
117323,275.00,453.00,126.00,266.00
118326,275.00,452.00,126.00,266.00
119328,275.00,452.00,126.00,265.00
120331,275.00,452.00,126.00,265.00
121333,275.00,452.00,126.00,265.00
122336,276.00,452.00,126.00,265.00
123338,275.00,451.00,126.00,264.00
124341,275.00,451.00,126.00,264.00
125343,275.00,451.00,126.00,264.00
126346,275.00,451.00,126.00,264.00
127348,275.00,450.00,125.00,264.00
128351,275.00,450.00,125.00,263.00
129353,275.00,450.00,125.00,263.00
130356,275.00,450.00,125.00,263.00
131358,275.00,449.00,125.00,262.00
132361,275.00,449.00,125.00,262.00
133363,275.00,449.00,124.00,262.00
134366,275.00,448.00,124.00,262.00
135368,275.00,448.00,124.00,262.00
136371,275.00,448.00,124.00,262.00
137373,275.00,447.00,124.00,261.00
138376,275.00,447.00,124.00,261.00
139378,274.00,447.00,124.00,261.00
140381,274.00,446.00,123.00,260.00
141382,274.00,446.00,123.00,260.00
142385,273.00,446.00,123.00,260.00
143387,273.00,446.00,123.00,260.00
144390,272.00,445.00,123.00,260.00
145392,272.00,445.00,123.00,260.00
146395,272.00,444.00,123.00,259.00
147397,272.00,444.00,123.00,259.00
148400,272.00,444.00,123.00,259.00
149402,272.00,444.00,123.00,259.00
150405,272.00,444.00,122.00,259.00
151407,272.00,444.00,123.00,258.00
152410,272.00,443.00,123.00,258.00
153412,272.00,443.00,122.00,258.00
154415,271.00,443.00,122.00,258.00
155417,270.00,443.00,122.00,258.00
156420,270.00,442.00,122.00,257.00
157422,270.00,442.00,122.00,257.00
158425,270.00,442.00,122.00,257.00
159427,270.00,441.00,122.00,257.00
160430,270.00,441.00,122.00,256.00
161432,269.00,440.00,122.00,256.00
162435,269.00,440.00,122.00,256.00
163437,268.00,437.00,121.00,256.00
164440,268.00,436.00,121.00,256.00
165442,268.00,436.00,121.00,255.00
166445,268.00,436.00,121.00,255.00
167447,268.00,437.00,121.00,255.00
168450,268.00,437.00,121.00,255.00
169452,268.00,437.00,121.00,254.00
170455,268.00,437.00,121.00,254.00
171457,267.00,437.00,121.00,254.00
172460,267.00,437.00,121.00,254.00
173462,267.00,437.00,120.00,254.00
174465,267.00,437.00,120.00,254.00
175467,267.00,436.00,120.00,253.00
176470,267.00,436.00,120.00,253.00
177472,268.00,436.00,120.00,253.00
178475,268.00,435.00,120.00,252.00
179476,268.00,435.00,120.00,252.00
180478,268.00,435.00,119.00,252.00
Measurement complete.