  MQ Gas Sensor Data Logger
Press the reset button to start measurements.
1009,228.00,352.00,128.00,229.00
2044,228.00,354.00,128.00,229.00
3047,228.00,355.00,128.00,230.00
4049,229.00,355.00,128.00,230.00
5051,228.00,355.00,128.00,230.00
6053,228.00,356.00,128.00,230.00
7056,228.00,357.00,128.00,230.00
8058,228.00,358.00,128.00,230.00
9061,229.00,358.00,128.00,230.00
10063,229.00,358.00,128.00,230.00
11066,228.00,356.00,128.00,230.00
12068,228.00,354.00,128.00,230.00
13071,228.00,353.00,128.00,230.00
14072,228.00,352.00,128.00,230.00
15075,228.00,352.00,128.00,230.00
16077,228.00,352.00,128.00,230.00
17080,228.00,353.00,128.00,230.00
18082,228.00,352.00,128.00,230.00
19085,228.00,351.00,127.00,230.00
20087,227.00,350.00,127.00,230.00
21090,227.00,350.00,127.00,230.00
22092,227.00,349.00,127.00,230.00
23095,227.00,349.00,126.00,230.00
24097,227.00,348.00,126.00,230.00
25100,227.00,348.00,126.00,229.00
26102,227.00,348.00,126.00,229.00
27104,227.00,349.00,126.00,229.00
28106,228.00,351.00,125.00,230.00
29109,228.00,351.00,125.00,230.00
30111,228.00,351.00,125.00,229.00
31114,228.00,351.00,125.00,229.00
32116,229.00,351.00,125.00,229.00
33119,229.00,351.00,124.00,229.00
34121,229.00,352.00,124.00,229.00
35124,229.00,352.00,124.00,229.00
36126,230.00,353.00,124.00,229.00
37129,230.00,353.00,123.00,229.00
38131,230.00,353.00,123.00,229.00
39133,229.00,353.00,123.00,228.00
40135,229.00,351.00,123.00,228.00
41138,228.00,349.00,123.00,228.00
42140,228.00,349.00,123.00,228.00
43143,228.00,348.00,123.00,228.00
44145,227.00,347.00,123.00,228.00
45148,227.00,346.00,123.00,228.00
46150,227.00,346.00,122.00,228.00
47153,227.00,347.00,122.00,228.00
48155,226.00,347.00,122.00,228.00
49158,226.00,347.00,122.00,228.00
50160,227.00,347.00,122.00,227.00
51163,226.00,347.00,122.00,227.00
52164,226.00,345.00,121.00,227.00
53167,226.00,345.00,121.00,227.00
54169,226.00,344.00,121.00,227.00
55172,225.00,344.00,121.00,226.00
56174,225.00,343.00,121.00,226.00
57177,225.00,344.00,121.00,226.00
58179,225.00,347.00,120.00,226.00
59182,224.00,350.00,120.00,225.00
60184,225.00,352.00,119.00,225.00
61187,225.00,353.00,119.00,224.00
62189,226.00,352.00,118.00,224.00
63192,226.00,350.00,118.00,222.00
64194,226.00,351.00,117.00,222.00
65196,225.00,351.00,116.00,221.00
66198,225.00,352.00,116.00,220.00
67201,225.00,351.00,115.00,219.00
68203,225.00,349.00,115.00,219.00
69206,225.00,350.00,115.00,219.00
70208,225.00,351.00,115.00,219.00
71211,224.00,350.00,115.00,219.00
72213,224.00,349.00,115.00,219.00
73216,224.00,348.00,115.00,219.00
74218,224.00,346.00,115.00,218.00
75220,224.00,345.00,115.00,218.00
76223,224.00,344.00,115.00,218.00
77224,224.00,343.00,115.00,218.00
78227,224.00,343.00,115.00,219.00
79229,224.00,345.00,115.00,219.00
80232,224.00,345.00,116.00,219.00
81234,224.00,344.00,115.00,219.00
82237,224.00,343.00,116.00,219.00
83239,223.00,343.00,115.00,219.00
84242,223.00,342.00,115.00,219.00
85244,223.00,341.00,115.00,219.00
86247,223.00,341.00,115.00,219.00
87249,223.00,344.00,115.00,219.00
88252,224.00,345.00,114.00,219.00
89254,224.00,346.00,114.00,219.00
90256,225.00,346.00,114.00,219.00
91258,225.00,346.00,114.00,219.00
92261,225.00,346.00,114.00,219.00
93263,226.00,346.00,114.00,219.00
94266,226.00,346.00,114.00,219.00
95268,226.00,346.00,114.00,219.00
96271,226.00,347.00,114.00,219.00
97273,226.00,347.00,114.00,219.00
98276,226.00,347.00,114.00,219.00
99278,227.00,346.00,114.00,219.00
100281,227.00,346.00,114.00,219.00
101283,227.00,346.00,114.00,219.00
102286,227.00,346.00,113.00,219.00
103288,227.00,346.00,113.00,219.00
104291,227.00,346.00,113.00,218.00
105292,227.00,346.00,113.00,218.00
106295,227.00,346.00,113.00,218.00
107297,227.00,346.00,113.00,218.00
108300,227.00,345.00,113.00,218.00
109302,226.00,345.00,113.00,218.00
110305,226.00,344.00,113.00,218.00
111307,226.00,342.00,113.00,218.00
112310,225.00,340.00,113.00,218.00
113312,224.00,339.00,112.00,218.00
114315,224.00,338.00,112.00,218.00
115317,224.00,338.00,112.00,218.00
116320,223.00,341.00,112.00,218.00
117322,223.00,342.00,112.00,217.00
118325,223.00,341.00,112.00,217.00
119327,222.00,341.00,112.00,217.00
120330,222.00,342.00,112.00,216.00
121332,222.00,341.00,111.00,216.00
122335,222.00,341.00,111.00,215.00
123337,221.00,340.00,111.00,215.00
124340,220.00,338.00,110.00,214.00
125342,220.00,337.00,110.00,214.00
126345,219.00,334.00,109.00,213.00
127347,218.00,333.00,109.00,212.00
128350,218.00,333.00,108.00,212.00
129352,218.00,332.00,108.00,211.00
130355,217.00,331.00,108.00,211.00
131356,217.00,330.00,108.00,210.00
132359,217.00,330.00,107.00,210.00
133361,217.00,331.00,107.00,209.00
134364,216.00,331.00,106.00,208.00
135366,216.00,332.00,106.00,208.00
136369,216.00,332.00,106.00,207.00
137371,216.00,332.00,105.00,206.00
138374,216.00,332.00,105.00,206.00
139376,216.00,332.00,105.00,205.00
140379,216.00,330.00,104.00,204.00
141381,217.00,330.00,104.00,204.00
142384,217.00,330.00,104.00,204.00
143386,217.00,331.00,104.00,203.00
144389,217.00,332.00,104.00,203.00
145391,217.00,332.00,104.00,203.00
146394,218.00,333.00,104.00,204.00
147396,218.00,332.00,104.00,204.00
148399,218.00,331.00,104.00,204.00
149401,218.00,329.00,104.00,205.00
150404,218.00,328.00,104.00,204.00
151406,218.00,326.00,104.00,204.00
152409,218.00,326.00,104.00,204.00
153411,218.00,325.00,104.00,204.00
154414,218.00,325.00,104.00,204.00
155416,218.00,326.00,104.00,204.00
156419,218.00,327.00,104.00,204.00
157420,218.00,328.00,104.00,204.00
158423,218.00,327.00,104.00,204.00
159425,218.00,326.00,105.00,204.00
160428,218.00,325.00,105.00,205.00
161430,218.00,324.00,105.00,205.00
162433,218.00,324.00,105.00,205.00
163435,218.00,324.00,104.00,205.00
164438,219.00,324.00,105.00,205.00
165440,219.00,325.00,105.00,206.00
166443,219.00,326.00,105.00,206.00
167445,219.00,328.00,105.00,205.00
168448,219.00,330.00,105.00,205.00
169450,219.00,330.00,105.00,205.00
170452,219.00,328.00,105.00,206.00
171455,219.00,327.00,105.00,206.00
172457,219.00,329.00,105.00,206.00
173460,219.00,330.00,105.00,206.00
174462,219.00,331.00,105.00,206.00
175465,219.00,331.00,105.00,205.00
176467,217.00,329.00,103.00,204.00
177470,216.00,328.00,103.00,202.00
178472,215.00,327.00,102.00,202.00
179475,215.00,327.00,101.00,201.00
180477,213.00,326.00,100.00,199.00
Measurement complete.