  MQ Gas Sensor Data Logger
Press the reset button to start measurements.
1009,250.00,403.00,124.00,238.00
2044,250.00,405.00,124.00,238.00
3047,250.00,406.00,124.00,238.00
4049,251.00,406.00,124.00,238.00
5051,251.00,404.00,124.00,239.00
6053,250.00,402.00,125.00,239.00
7056,250.00,401.00,125.00,239.00
8058,251.00,403.00,126.00,239.00
9061,251.00,404.00,126.00,240.00
10063,252.00,404.00,126.00,240.00
11066,252.00,403.00,126.00,241.00
12068,251.00,401.00,127.00,242.00
13071,251.00,401.00,127.00,242.00
14072,252.00,400.00,128.00,243.00
15075,252.00,399.00,128.00,244.00
16077,252.00,399.00,129.00,245.00
17080,252.00,399.00,128.00,245.00
18082,252.00,403.00,128.00,246.00
19085,252.00,406.00,128.00,246.00
20087,252.00,409.00,128.00,247.00
21090,252.00,409.00,128.00,247.00
22092,252.00,409.00,128.00,247.00
23095,252.00,408.00,128.00,248.00
24097,251.00,406.00,128.00,248.00
25100,251.00,404.00,128.00,248.00
26102,250.00,404.00,128.00,249.00
27104,250.00,403.00,128.00,250.00
28106,250.00,402.00,129.00,250.00
29109,250.00,403.00,129.00,250.00
30111,250.00,402.00,129.00,250.00
31114,250.00,402.00,129.00,251.00
32116,250.00,401.00,130.00,252.00
33119,250.00,401.00,130.00,253.00
34121,250.00,401.00,131.00,253.00
35124,250.00,401.00,131.00,253.00
36126,250.00,400.00,131.00,254.00
37129,249.00,400.00,132.00,253.00
38131,249.00,400.00,131.00,253.00
39133,248.00,397.00,131.00,252.00
40135,247.00,396.00,130.00,251.00
41138,246.00,396.00,129.00,250.00
42140,246.00,395.00,129.00,250.00
43143,245.00,394.00,129.00,250.00
44145,245.00,393.00,129.00,249.00
45148,244.00,393.00,129.00,249.00
46150,244.00,392.00,128.00,248.00
47153,244.00,392.00,128.00,248.00
48155,244.00,392.00,128.00,248.00
49158,244.00,392.00,129.00,248.00
50160,244.00,392.00,129.00,248.00
51163,244.00,392.00,129.00,248.00
52164,244.00,391.00,129.00,247.00
53167,244.00,391.00,129.00,247.00
54169,245.00,391.00,129.00,247.00
55172,245.00,393.00,129.00,247.00
56174,245.00,392.00,129.00,246.00
57177,245.00,391.00,129.00,246.00
58179,245.00,391.00,129.00,247.00
59182,244.00,391.00,129.00,247.00
60184,244.00,390.00,129.00,246.00
61187,245.00,390.00,130.00,246.00
62189,244.00,390.00,130.00,246.00
63192,244.00,389.00,130.00,247.00
64194,244.00,389.00,130.00,247.00
65196,244.00,390.00,129.00,247.00
66198,244.00,389.00,129.00,247.00
67201,244.00,389.00,129.00,247.00
68203,243.00,389.00,128.00,247.00
69206,243.00,388.00,128.00,247.00
70208,243.00,388.00,128.00,247.00
71211,242.00,387.00,128.00,247.00
72213,242.00,387.00,129.00,247.00
73216,242.00,387.00,129.00,247.00
74218,242.00,386.00,129.00,247.00
75220,242.00,386.00,128.00,247.00
76223,242.00,386.00,128.00,246.00
77225,241.00,385.00,128.00,246.00
78227,241.00,385.00,128.00,246.00
79229,241.00,385.00,129.00,246.00
80232,241.00,384.00,129.00,246.00
81234,241.00,384.00,129.00,247.00
82237,241.00,384.00,129.00,246.00
83239,241.00,384.00,129.00,246.00
84242,241.00,384.00,130.00,246.00
85244,240.00,384.00,130.00,246.00
86247,240.00,384.00,130.00,246.00
87249,240.00,384.00,131.00,246.00
88252,240.00,384.00,131.00,246.00
89254,240.00,384.00,132.00,246.00
90256,240.00,384.00,132.00,246.00
91258,240.00,384.00,132.00,246.00
92261,240.00,384.00,132.00,245.00
93263,240.00,383.00,132.00,245.00
94266,240.00,384.00,132.00,245.00
95268,240.00,384.00,131.00,245.00
96271,240.00,385.00,131.00,244.00
97273,240.00,385.00,131.00,244.00
98276,240.00,384.00,131.00,244.00
99278,240.00,384.00,131.00,244.00
100281,240.00,385.00,131.00,244.00
101283,240.00,385.00,131.00,245.00
102286,241.00,385.00,131.00,245.00
103288,241.00,385.00,131.00,245.00
104291,241.00,385.00,131.00,245.00
105292,240.00,385.00,131.00,246.00
106295,240.00,385.00,131.00,246.00
107297,240.00,385.00,131.00,246.00
108300,240.00,386.00,131.00,246.00
109302,240.00,385.00,130.00,245.00
110305,240.00,385.00,130.00,245.00
111307,239.00,383.00,130.00,245.00
112310,239.00,384.00,130.00,244.00
113312,239.00,384.00,129.00,244.00
114315,239.00,384.00,129.00,244.00
115317,239.00,384.00,129.00,244.00
116320,239.00,383.00,129.00,244.00
117322,239.00,383.00,129.00,244.00
118325,239.00,384.00,129.00,244.00
119327,239.00,384.00,130.00,245.00
120330,239.00,384.00,130.00,245.00
121332,239.00,383.00,130.00,245.00
122335,238.00,383.00,131.00,245.00
123337,238.00,382.00,131.00,246.00
124340,238.00,382.00,131.00,246.00
125342,237.00,381.00,131.00,245.00
126345,237.00,380.00,131.00,245.00
127347,237.00,380.00,131.00,245.00
128350,237.00,380.00,131.00,245.00
129352,236.00,380.00,131.00,245.00
130355,236.00,379.00,131.00,245.00
131356,236.00,379.00,131.00,244.00
132359,236.00,379.00,131.00,245.00
133361,236.00,378.00,131.00,245.00
134364,236.00,378.00,131.00,245.00
135366,235.00,377.00,131.00,245.00
136369,235.00,377.00,131.00,246.00
137371,235.00,376.00,131.00,246.00
138374,235.00,376.00,132.00,246.00
139376,235.00,376.00,132.00,246.00
140379,235.00,376.00,132.00,246.00
141381,235.00,376.00,132.00,246.00
142384,234.00,377.00,132.00,246.00
143386,235.00,376.00,132.00,246.00
144389,235.00,376.00,133.00,246.00
145391,234.00,376.00,133.00,245.00
146394,234.00,375.00,134.00,245.00
147396,234.00,375.00,134.00,245.00
148399,234.00,376.00,135.00,245.00
149401,234.00,376.00,134.00,244.00
150404,233.00,375.00,133.00,243.00
151406,234.00,375.00,133.00,243.00
152409,234.00,374.00,133.00,243.00
153411,234.00,374.00,132.00,242.00
154414,234.00,375.00,132.00,242.00
155416,233.00,375.00,131.00,241.00
156419,232.00,374.00,131.00,240.00
157420,232.00,373.00,130.00,240.00
158423,231.00,373.00,130.00,239.00
159425,231.00,373.00,130.00,239.00
160428,231.00,373.00,130.00,239.00
161430,231.00,373.00,130.00,238.00
162433,231.00,373.00,130.00,238.00
163435,231.00,373.00,129.00,238.00
164438,231.00,373.00,129.00,238.00
165440,232.00,372.00,129.00,237.00
166443,232.00,372.00,129.00,237.00
167445,232.00,370.00,129.00,237.00
168448,232.00,370.00,128.00,237.00
169450,231.00,369.00,128.00,237.00
170452,231.00,369.00,128.00,237.00
171455,231.00,368.00,127.00,236.00
172457,232.00,373.00,127.00,237.00
173460,232.00,374.00,127.00,237.00
174462,232.00,372.00,127.00,237.00
175465,232.00,373.00,127.00,237.00
176467,232.00,372.00,127.00,237.00
177470,232.00,371.00,127.00,236.00
178472,232.00,371.00,127.00,236.00
179475,232.00,371.00,127.00,236.00
180477,233.00,376.00,127.00,236.00
Measurement complete.