MQ Gas Sensor Data Logger
Press the reset button to start measurements.
1009,343.00,546.00,150.00,348.00
2044,343.00,546.00,150.00,348.00
3047,343.00,546.00,150.00,348.00
4049,343.00,545.00,150.00,347.00
5051,343.00,545.00,149.00,347.00
6053,342.00,545.00,149.00,347.00
7056,342.00,545.00,149.00,347.00
8058,342.00,545.00,149.00,347.00
9061,342.00,544.00,149.00,347.00
10063,341.00,544.00,149.00,346.00
11066,341.00,544.00,149.00,346.00
12068,341.00,544.00,149.00,346.00
13071,341.00,543.00,149.00,346.00
14073,340.00,543.00,149.00,346.00
15075,340.00,543.00,149.00,346.00
16077,340.00,542.00,149.00,345.00
17080,340.00,542.00,149.00,345.00
18082,340.00,542.00,149.00,345.00
19085,340.00,542.00,149.00,345.00
20087,339.00,542.00,149.00,344.00
21090,339.00,541.00,148.00,344.00
22092,339.00,541.00,148.00,344.00
23095,339.00,541.00,148.00,344.00
24097,339.00,541.00,148.00,343.00
25100,338.00,540.00,148.00,343.00
26102,338.00,540.00,148.00,343.00
27105,338.00,540.00,148.00,342.00
28107,338.00,539.00,148.00,342.00
29109,337.00,539.00,148.00,342.00
30111,337.00,539.00,147.00,341.00
31114,337.00,539.00,147.00,341.00
32116,337.00,538.00,147.00,341.00
33119,337.00,538.00,147.00,340.00
34121,336.00,538.00,147.00,340.00
35124,336.00,537.00,147.00,340.00
36126,336.00,537.00,147.00,339.00
37129,336.00,536.00,146.00,339.00
38131,336.00,536.00,146.00,339.00
39134,335.00,536.00,146.00,338.00
40136,335.00,535.00,146.00,338.00
41139,335.00,535.00,146.00,338.00
42141,334.00,534.00,146.00,337.00
43144,334.00,534.00,146.00,337.00
44145,334.00,534.00,146.00,337.00
45148,334.00,533.00,146.00,337.00
46150,333.00,533.00,146.00,336.00
47153,333.00,532.00,146.00,336.00
48155,333.00,532.00,146.00,336.00
49158,332.00,532.00,145.00,336.00
50160,332.00,532.00,145.00,335.00
51163,332.00,531.00,145.00,335.00
52165,332.00,531.00,145.00,335.00
53168,332.00,531.00,145.00,335.00
54170,332.00,530.00,144.00,334.00
55173,331.00,530.00,144.00,334.00
56175,331.00,530.00,144.00,334.00
57178,331.00,530.00,144.00,333.00
58179,331.00,529.00,144.00,333.00
59182,331.00,529.00,144.00,333.00
60184,331.00,528.00,144.00,332.00
61187,330.00,528.00,144.00,332.00
62189,330.00,528.00,143.00,332.00
63192,330.00,528.00,143.00,331.00
64194,330.00,527.00,143.00,331.00
65197,330.00,527.00,143.00,331.00
66199,329.00,527.00,143.00,331.00
67202,329.00,526.00,143.00,330.00
68204,329.00,526.00,143.00,330.00
69207,329.00,526.00,143.00,329.00
70209,329.00,525.00,143.00,329.00
71212,329.00,525.00,142.00,329.00
72213,328.00,525.00,142.00,328.00
73216,328.00,524.00,142.00,328.00
74218,328.00,524.00,142.00,328.00
75220,328.00,524.00,142.00,328.00
76223,328.00,523.00,142.00,327.00
77225,328.00,523.00,142.00,327.00
78228,327.00,523.00,142.00,327.00
79230,327.00,522.00,142.00,326.00
80233,327.00,522.00,141.00,326.00
81235,327.00,522.00,141.00,325.00
82238,326.00,521.00,141.00,325.00
83240,326.00,521.00,141.00,325.00
84243,326.00,521.00,141.00,324.00
85245,326.00,520.00,141.00,324.00
86247,326.00,520.00,141.00,324.00
87249,325.00,519.00,141.00,324.00
88252,325.00,519.00,140.00,323.00
89254,325.00,518.00,140.00,323.00
90257,324.00,518.00,140.00,323.00
91259,324.00,518.00,140.00,323.00
92262,324.00,517.00,140.00,322.00
93264,323.00,517.00,140.00,322.00
94267,323.00,517.00,140.00,322.00
95269,323.00,516.00,140.00,322.00
96272,323.00,516.00,140.00,321.00
97274,323.00,516.00,139.00,321.00
98277,323.00,515.00,139.00,321.00
99279,322.00,515.00,139.00,321.00
100281,322.00,514.00,139.00,320.00
101283,322.00,514.00,139.00,320.00
102286,322.00,514.00,139.00,320.00
103288,322.00,513.00,139.00,320.00
104291,321.00,513.00,139.00,319.00
105293,321.00,512.00,139.00,319.00
106296,321.00,512.00,139.00,319.00
107298,321.00,512.00,138.00,319.00
108301,321.00,511.00,138.00,318.00
109303,320.00,511.00,138.00,318.00
110306,319.00,510.00,138.00,318.00
111308,318.00,510.00,138.00,318.00
112311,318.00,509.00,138.00,318.00
113313,318.00,509.00,138.00,318.00
114316,318.00,508.00,138.00,317.00
115318,318.00,508.00,138.00,317.00
116321,318.00,508.00,137.00,317.00
117323,318.00,508.00,137.00,317.00
118326,318.00,507.00,137.00,316.00
119328,317.00,507.00,137.00,316.00
120331,317.00,507.00,137.00,316.00
121333,317.00,506.00,137.00,316.00
122336,317.00,506.00,137.00,316.00
123338,317.00,505.00,137.00,315.00
124341,317.00,505.00,137.00,315.00
125343,317.00,505.00,137.00,315.00
126346,317.00,504.00,137.00,315.00
127348,316.00,504.00,136.00,315.00
128351,316.00,504.00,136.00,315.00
129353,316.00,503.00,136.00,314.00
130356,316.00,503.00,136.00,314.00
131358,315.00,503.00,136.00,314.00
132361,315.00,502.00,136.00,314.00
133363,315.00,502.00,136.00,314.00
134366,315.00,501.00,136.00,313.00
135368,314.00,501.00,136.00,313.00
136371,314.00,501.00,136.00,313.00
137373,314.00,500.00,135.00,313.00
138376,314.00,500.00,135.00,312.00
139378,314.00,500.00,135.00,312.00
140381,314.00,500.00,135.00,312.00
141383,313.00,499.00,135.00,312.00
142385,313.00,499.00,135.00,311.00
143387,313.00,498.00,135.00,311.00
144390,313.00,498.00,135.00,311.00
145392,313.00,498.00,135.00,311.00
146395,313.00,497.00,135.00,311.00
147397,312.00,497.00,135.00,310.00
148400,312.00,497.00,134.00,310.00
149402,312.00,496.00,134.00,310.00
150405,312.00,496.00,134.00,310.00
151407,312.00,496.00,134.00,310.00
152410,312.00,495.00,134.00,309.00
153412,312.00,495.00,134.00,309.00
154415,311.00,495.00,134.00,309.00
155417,311.00,494.00,134.00,309.00
156420,311.00,494.00,134.00,309.00
157422,311.00,493.00,133.00,308.00
158425,310.00,493.00,133.00,308.00
159427,310.00,493.00,133.00,308.00
160430,310.00,492.00,133.00,308.00
161432,310.00,492.00,133.00,308.00
162435,310.00,492.00,133.00,307.00
163437,309.00,492.00,133.00,307.00
164440,309.00,491.00,133.00,307.00
165442,309.00,491.00,133.00,306.00
166445,309.00,490.00,133.00,306.00
167447,309.00,490.00,132.00,305.00
168450,308.00,490.00,132.00,305.00
169452,308.00,490.00,132.00,305.00
170455,308.00,489.00,132.00,304.00
171457,308.00,489.00,132.00,304.00
172460,308.00,488.00,131.00,303.00
173462,308.00,488.00,131.00,303.00
174465,308.00,488.00,131.00,302.00
175467,307.00,488.00,131.00,302.00
176470,307.00,487.00,130.00,302.00
177472,307.00,487.00,130.00,301.00
178475,307.00,487.00,130.00,301.00
179477,307.00,486.00,130.00,300.00
180480,307.00,486.00,130.00,300.00
Measurement complete.
