  MQ Gas Sensor Data Logger
Press the reset button to start measurements.
1009,508.00,470.00,216.00,434.00
2044,508.00,470.00,215.00,434.00
3047,508.00,471.00,215.00,434.00
4049,508.00,472.00,215.00,434.00
5051,508.00,472.00,215.00,434.00
6053,508.00,473.00,214.00,434.00
7056,508.00,473.00,214.00,434.00
8058,508.00,473.00,214.00,434.00
9061,508.00,473.00,213.00,434.00
10063,508.00,473.00,213.00,435.00
11066,508.00,473.00,212.00,435.00
12068,508.00,473.00,212.00,435.00
13071,508.00,473.00,212.00,435.00
14073,508.00,473.00,211.00,435.00
15075,508.00,473.00,211.00,435.00
16077,508.00,474.00,211.00,435.00
17080,508.00,475.00,210.00,435.00
18082,508.00,475.00,210.00,435.00
19085,509.00,475.00,210.00,434.00
20087,509.00,476.00,209.00,435.00
21090,509.00,476.00,209.00,435.00
22092,510.00,476.00,209.00,435.00
23095,509.00,475.00,209.00,435.00
24097,509.00,474.00,208.00,435.00
25100,509.00,475.00,209.00,436.00
26102,509.00,474.00,208.00,436.00
27105,508.00,474.00,208.00,436.00
28107,508.00,473.00,207.00,436.00
29109,507.00,473.00,208.00,436.00
30111,508.00,474.00,208.00,437.00
31114,507.00,474.00,207.00,436.00
32116,507.00,474.00,207.00,436.00
33119,507.00,474.00,207.00,436.00
34121,507.00,474.00,208.00,436.00
35124,506.00,473.00,207.00,436.00
36126,507.00,474.00,207.00,437.00
37129,506.00,473.00,207.00,436.00
38131,506.00,473.00,207.00,436.00
39134,506.00,472.00,207.00,436.00
40136,506.00,473.00,207.00,437.00
41139,506.00,472.00,207.00,436.00
42141,506.00,473.00,207.00,437.00
43144,506.00,472.00,207.00,437.00
44145,506.00,472.00,207.00,437.00
45148,506.00,472.00,207.00,437.00
46150,505.00,472.00,207.00,437.00
47153,505.00,472.00,207.00,437.00
48155,504.00,471.00,207.00,437.00
49158,505.00,471.00,207.00,437.00
50160,505.00,472.00,207.00,437.00
51163,504.00,471.00,207.00,437.00
52165,505.00,472.00,207.00,437.00
53168,504.00,472.00,207.00,437.00
54170,504.00,472.00,207.00,437.00
55173,505.00,471.00,208.00,437.00
56175,505.00,471.00,208.00,437.00
57178,504.00,470.00,207.00,437.00
58179,504.00,470.00,207.00,437.00
59182,504.00,470.00,207.00,437.00
60184,504.00,470.00,207.00,437.00
61187,505.00,470.00,207.00,437.00
62189,504.00,470.00,207.00,437.00
63192,504.00,470.00,207.00,437.00
64194,504.00,471.00,206.00,437.00
65197,505.00,471.00,206.00,438.00
66199,505.00,471.00,206.00,438.00
67202,504.00,470.00,206.00,437.00
68204,504.00,470.00,206.00,437.00
69207,505.00,471.00,206.00,438.00
70209,505.00,471.00,205.00,438.00
71212,505.00,472.00,205.00,438.00
72213,505.00,472.00,205.00,438.00
73216,505.00,471.00,205.00,437.00
74218,505.00,471.00,205.00,437.00
75220,505.00,471.00,205.00,438.00
76223,505.00,471.00,205.00,438.00
77225,505.00,471.00,205.00,438.00
78228,504.00,471.00,204.00,438.00
79230,505.00,471.00,204.00,438.00
80233,504.00,471.00,204.00,438.00
81235,505.00,472.00,204.00,438.00
82238,504.00,472.00,204.00,438.00
83240,504.00,471.00,204.00,438.00
84243,504.00,471.00,204.00,438.00
85245,503.00,471.00,204.00,437.00
86247,503.00,471.00,203.00,437.00
87249,503.00,471.00,203.00,438.00
88252,504.00,471.00,203.00,438.00
89254,504.00,471.00,203.00,438.00
90257,503.00,470.00,203.00,438.00
91259,503.00,470.00,203.00,438.00
92262,503.00,470.00,203.00,438.00
93264,503.00,470.00,203.00,438.00
94267,502.00,469.00,203.00,437.00
95269,503.00,470.00,203.00,438.00
96272,502.00,470.00,203.00,438.00
97274,502.00,470.00,203.00,437.00
98277,502.00,469.00,202.00,437.00
99279,502.00,469.00,203.00,438.00
100281,501.00,468.00,203.00,437.00
101283,501.00,468.00,203.00,437.00
102286,501.00,468.00,203.00,437.00
103288,501.00,468.00,203.00,437.00
104291,501.00,468.00,203.00,437.00
105293,501.00,468.00,203.00,438.00
106296,501.00,468.00,203.00,438.00
107298,501.00,468.00,204.00,438.00
108301,500.00,468.00,204.00,438.00
109303,500.00,468.00,204.00,438.00
110306,500.00,468.00,204.00,438.00
111308,500.00,468.00,204.00,438.00
112311,500.00,468.00,205.00,438.00
113313,500.00,468.00,205.00,438.00
114316,501.00,468.00,205.00,438.00
115318,501.00,469.00,206.00,439.00
116321,502.00,470.00,206.00,439.00
117323,503.00,470.00,206.00,440.00
118326,505.00,472.00,207.00,441.00
119328,524.00,490.00,215.00,457.00
120331,530.00,496.00,219.00,462.00
121333,530.00,496.00,220.00,463.00
122336,527.00,493.00,219.00,460.00
123338,526.00,492.00,219.00,460.00
124341,526.00,491.00,220.00,459.00
125343,525.00,490.00,219.00,459.00
126346,525.00,490.00,220.00,459.00
127348,524.00,490.00,219.00,459.00
128351,524.00,490.00,219.00,459.00
129353,523.00,490.00,219.00,459.00
130356,523.00,490.00,219.00,459.00
131358,523.00,490.00,219.00,459.00
132361,523.00,490.00,219.00,459.00
133363,524.00,491.00,219.00,459.00
134366,524.00,491.00,219.00,459.00
135368,524.00,491.00,219.00,459.00
136371,524.00,491.00,219.00,459.00
137373,524.00,491.00,220.00,459.00
138376,524.00,491.00,220.00,458.00
139378,524.00,492.00,220.00,458.00
140380,524.00,492.00,220.00,459.00
141382,525.00,492.00,220.00,459.00
142385,525.00,492.00,220.00,459.00
143387,523.00,491.00,219.00,457.00
144390,523.00,492.00,219.00,458.00
145392,523.00,491.00,219.00,457.00
146395,523.00,492.00,219.00,457.00
147397,523.00,492.00,218.00,457.00
148400,522.00,492.00,218.00,457.00
149402,523.00,492.00,218.00,457.00
150405,522.00,492.00,218.00,457.00
151407,522.00,492.00,218.00,457.00
152410,521.00,491.00,218.00,456.00
153412,521.00,491.00,218.00,456.00
154415,520.00,491.00,218.00,456.00
155417,520.00,490.00,218.00,456.00
156420,519.00,490.00,218.00,455.00
157422,519.00,490.00,218.00,456.00
158425,519.00,490.00,218.00,455.00
159427,518.00,490.00,217.00,455.00
160430,518.00,490.00,217.00,455.00
161432,518.00,490.00,217.00,455.00
162435,517.00,489.00,217.00,454.00
163437,517.00,489.00,217.00,454.00
164440,518.00,490.00,217.00,455.00
165442,517.00,489.00,216.00,454.00
166445,516.00,489.00,216.00,453.00
167447,517.00,489.00,216.00,453.00
168450,517.00,489.00,215.00,453.00
169452,517.00,490.00,215.00,453.00
170455,517.00,490.00,215.00,453.00
171457,517.00,490.00,215.00,453.00
172460,518.00,490.00,215.00,453.00
173462,518.00,490.00,215.00,453.00
174465,518.00,490.00,215.00,453.00
175467,518.00,490.00,215.00,452.00
176470,519.00,490.00,216.00,452.00
177472,519.00,490.00,216.00,452.00
178475,519.00,490.00,216.00,452.00
179477,519.00,490.00,216.00,452.00
180480,520.00,490.00,216.00,452.00
Measurement complete.