  MQ Gas Sensor Data Logger
Press the reset button to start measurements.
1009,459.00,454.00,138.00,283.00
2044,458.00,452.00,139.00,284.00
3047,458.00,452.00,140.00,286.00
4049,458.00,452.00,141.00,288.00
5051,458.00,453.00,143.00,289.00
6053,459.00,454.00,144.00,291.00
7056,458.00,453.00,145.00,293.00
8058,457.00,453.00,146.00,294.00
9061,456.00,451.00,147.00,295.00
10063,453.00,448.00,147.00,295.00
11066,454.00,449.00,148.00,297.00
12068,455.00,450.00,149.00,298.00
13071,454.00,449.00,149.00,299.00
14073,455.00,448.00,150.00,301.00
15075,456.00,448.00,151.00,302.00
16077,456.00,448.00,152.00,304.00
17080,457.00,448.00,153.00,305.00
18082,460.00,450.00,155.00,308.00
19085,461.00,451.00,156.00,309.00
20087,463.00,452.00,158.00,311.00
21090,464.00,453.00,159.00,313.00
22092,464.00,452.00,159.00,314.00
23095,465.00,450.00,160.00,315.00
24097,467.00,452.00,162.00,318.00
25100,467.00,452.00,163.00,319.00
26102,467.00,452.00,164.00,320.00
27105,468.00,453.00,165.00,322.00
28107,468.00,454.00,166.00,324.00
29109,466.00,453.00,166.00,324.00
30111,467.00,454.00,168.00,327.00
31114,466.00,454.00,168.00,328.00
32116,466.00,454.00,169.00,329.00
33119,465.00,454.00,170.00,331.00
34121,466.00,454.00,171.00,333.00
35124,464.00,453.00,171.00,333.00
36126,464.00,452.00,172.00,334.00
37129,464.00,453.00,172.00,335.00
38131,463.00,451.00,173.00,336.00
39134,463.00,451.00,174.00,337.00
40136,464.00,452.00,174.00,339.00
41139,464.00,453.00,175.00,340.00
42141,462.00,452.00,175.00,341.00
43144,463.00,452.00,176.00,342.00
44145,463.00,452.00,176.00,343.00
45148,462.00,451.00,177.00,344.00
46150,462.00,451.00,177.00,344.00
47153,461.00,450.00,177.00,345.00
48155,461.00,450.00,178.00,346.00
49158,462.00,450.00,178.00,347.00
50160,462.00,451.00,179.00,349.00
51163,463.00,452.00,180.00,349.00
52165,463.00,451.00,180.00,350.00
53168,462.00,451.00,180.00,350.00
54170,463.00,451.00,181.00,351.00
55173,463.00,451.00,182.00,352.00
56175,464.00,452.00,183.00,354.00
57178,464.00,453.00,183.00,354.00
58179,463.00,453.00,184.00,355.00
59182,463.00,452.00,184.00,356.00
60184,463.00,452.00,185.00,357.00
61187,462.00,451.00,185.00,357.00
62189,462.00,451.00,186.00,358.00
63192,461.00,450.00,186.00,358.00
64194,460.00,450.00,186.00,359.00
65197,460.00,450.00,187.00,360.00
66199,460.00,450.00,187.00,360.00
67202,459.00,450.00,187.00,361.00
68204,459.00,451.00,188.00,362.00
69207,460.00,451.00,188.00,363.00
70209,460.00,452.00,189.00,364.00
71212,460.00,452.00,190.00,364.00
72213,460.00,453.00,190.00,365.00
73216,461.00,453.00,191.00,366.00
74218,461.00,453.00,191.00,367.00
75220,460.00,451.00,191.00,367.00
76223,460.00,451.00,192.00,367.00
77225,459.00,450.00,192.00,368.00
78228,459.00,450.00,193.00,369.00
79230,459.00,451.00,193.00,369.00
80233,459.00,451.00,193.00,370.00
81235,458.00,451.00,194.00,370.00
82238,459.00,451.00,194.00,371.00
83240,458.00,451.00,194.00,371.00
84243,458.00,451.00,195.00,371.00
85245,458.00,451.00,195.00,372.00
86247,458.00,451.00,195.00,373.00
87249,458.00,452.00,196.00,373.00
88252,457.00,451.00,196.00,373.00
89254,457.00,452.00,196.00,374.00
90257,457.00,451.00,196.00,374.00
91259,457.00,452.00,197.00,375.00
92262,458.00,451.00,197.00,375.00
93264,459.00,452.00,198.00,376.00
94267,460.00,453.00,198.00,378.00
95269,460.00,452.00,198.00,377.00
96272,460.00,452.00,199.00,378.00
97274,461.00,452.00,199.00,378.00
98277,461.00,453.00,199.00,379.00
99279,461.00,453.00,200.00,379.00
100281,461.00,453.00,200.00,379.00
101283,461.00,453.00,200.00,380.00
102286,462.00,454.00,200.00,380.00
103288,462.00,453.00,201.00,381.00
104291,463.00,454.00,201.00,382.00
105293,464.00,453.00,202.00,382.00
106296,464.00,453.00,202.00,382.00
107298,465.00,453.00,202.00,382.00
108301,466.00,453.00,202.00,383.00
109303,467.00,452.00,203.00,383.00
110306,468.00,452.00,203.00,383.00
111308,469.00,453.00,203.00,384.00
112311,469.00,453.00,203.00,384.00
113313,470.00,454.00,204.00,385.00
114316,471.00,454.00,204.00,385.00
115318,471.00,454.00,204.00,386.00
116321,472.00,455.00,205.00,387.00
117323,472.00,455.00,205.00,387.00
118326,472.00,455.00,205.00,388.00
119328,473.00,456.00,206.00,389.00
120331,473.00,456.00,206.00,389.00
121333,474.00,456.00,206.00,389.00
122336,474.00,456.00,207.00,389.00
123338,474.00,456.00,207.00,390.00
124341,473.00,456.00,207.00,390.00
125343,474.00,456.00,207.00,390.00
126346,473.00,457.00,208.00,391.00
127348,473.00,456.00,208.00,392.00
128351,473.00,456.00,208.00,392.00
129353,472.00,456.00,209.00,392.00
130356,472.00,456.00,209.00,393.00
131358,471.00,456.00,209.00,393.00
132361,472.00,455.00,209.00,394.00
133363,471.00,454.00,209.00,393.00
134366,471.00,455.00,210.00,394.00
135368,471.00,455.00,210.00,394.00
136371,470.00,454.00,210.00,394.00
137373,470.00,454.00,211.00,395.00
138376,469.00,453.00,211.00,395.00
139378,468.00,453.00,211.00,395.00
140380,469.00,453.00,211.00,396.00
141382,469.00,454.00,211.00,396.00
142385,468.00,453.00,211.00,396.00
143387,469.00,453.00,212.00,396.00
144390,469.00,453.00,212.00,396.00
145392,470.00,454.00,212.00,397.00
146395,470.00,453.00,212.00,397.00
147397,471.00,454.00,212.00,398.00
148400,472.00,454.00,213.00,398.00
149402,473.00,454.00,213.00,398.00
150405,474.00,455.00,213.00,398.00
151407,475.00,455.00,213.00,399.00
152410,476.00,455.00,213.00,399.00
153412,476.00,455.00,214.00,400.00
154415,476.00,455.00,214.00,399.00
155417,476.00,455.00,214.00,400.00
156420,476.00,455.00,214.00,400.00
157422,476.00,454.00,214.00,400.00
158425,476.00,454.00,215.00,401.00
159427,475.00,453.00,215.00,401.00
160430,475.00,454.00,215.00,402.00
161432,474.00,454.00,215.00,401.00
162435,474.00,454.00,216.00,402.00
163437,473.00,453.00,216.00,402.00
164440,472.00,454.00,216.00,402.00
165442,472.00,454.00,216.00,403.00
166445,471.00,453.00,216.00,403.00
167447,471.00,453.00,216.00,403.00
168450,470.00,452.00,216.00,404.00
169452,470.00,452.00,217.00,404.00
170455,470.00,453.00,217.00,405.00
171457,469.00,452.00,217.00,404.00
172460,469.00,453.00,217.00,405.00
173462,469.00,452.00,217.00,405.00
174465,468.00,452.00,217.00,405.00
175467,469.00,453.00,218.00,405.00
176470,469.00,453.00,218.00,406.00
177472,468.00,452.00,218.00,406.00
178475,468.00,452.00,219.00,406.00
179477,468.00,452.00,219.00,407.00
180480,468.00,452.00,219.00,407.00
Measurement complete.