  MQ Gas Sensor Data Logger
Press the reset button to start measurements.
1009,530.00,493.00,149.00,352.00
2044,530.00,492.00,149.00,352.00
3047,529.00,492.00,149.00,352.00
4049,528.00,492.00,149.00,351.00
5051,528.00,491.00,149.00,351.00
6053,527.00,491.00,149.00,351.00
7056,526.00,491.00,149.00,351.00
8058,526.00,490.00,148.00,350.00
9061,525.00,489.00,149.00,350.00
10063,524.00,489.00,149.00,350.00
11066,524.00,489.00,149.00,350.00
12068,524.00,489.00,149.00,350.00
13071,524.00,488.00,149.00,350.00
14073,524.00,488.00,149.00,350.00
15075,523.00,487.00,149.00,349.00
16077,522.00,486.00,149.00,349.00
17080,522.00,486.00,149.00,349.00
18082,522.00,485.00,149.00,348.00
19085,521.00,485.00,149.00,348.00
20087,521.00,485.00,149.00,348.00
21090,520.00,485.00,149.00,348.00
22092,520.00,485.00,149.00,347.00
23095,520.00,485.00,149.00,347.00
24097,519.00,484.00,149.00,347.00
25100,519.00,484.00,149.00,347.00
26102,519.00,484.00,149.00,347.00
27105,518.00,484.00,149.00,347.00
28107,518.00,484.00,149.00,347.00
29109,518.00,484.00,148.00,347.00
30111,518.00,483.00,148.00,347.00
31114,519.00,483.00,148.00,347.00
32116,519.00,483.00,148.00,347.00
33119,519.00,483.00,147.00,347.00
34121,519.00,483.00,147.00,347.00
35124,519.00,483.00,147.00,346.00
36126,519.00,483.00,146.00,346.00
37129,519.00,483.00,146.00,346.00
38131,519.00,483.00,146.00,345.00
39134,519.00,483.00,146.00,345.00
40136,519.00,483.00,146.00,345.00
41139,519.00,483.00,146.00,345.00
42141,519.00,483.00,146.00,344.00
43144,519.00,483.00,146.00,344.00
44145,519.00,483.00,146.00,345.00
45148,519.00,483.00,146.00,345.00
46150,518.00,483.00,145.00,345.00
47153,518.00,483.00,145.00,344.00
48155,518.00,483.00,145.00,345.00
49158,517.00,482.00,145.00,344.00
50160,517.00,481.00,145.00,344.00
51163,517.00,481.00,145.00,344.00
52165,516.00,481.00,144.00,343.00
53168,516.00,481.00,144.00,343.00
54170,516.00,480.00,144.00,343.00
55173,515.00,480.00,144.00,342.00
56175,515.00,480.00,144.00,342.00
57178,515.00,479.00,144.00,342.00
58179,514.00,479.00,144.00,342.00
59182,514.00,479.00,144.00,342.00
60184,514.00,479.00,143.00,342.00
61187,514.00,479.00,143.00,342.00
62189,514.00,478.00,143.00,342.00
63192,514.00,478.00,143.00,342.00
64194,513.00,478.00,143.00,342.00
65197,513.00,477.00,143.00,341.00
66199,513.00,477.00,143.00,341.00
67202,512.00,477.00,143.00,341.00
68204,512.00,477.00,142.00,341.00
69207,512.00,477.00,142.00,341.00
70209,512.00,476.00,142.00,341.00
71212,512.00,476.00,142.00,341.00
72213,512.00,476.00,142.00,341.00
73216,511.00,476.00,142.00,340.00
74218,511.00,476.00,142.00,340.00
75220,512.00,476.00,142.00,340.00
76223,511.00,476.00,142.00,340.00
77225,511.00,476.00,142.00,340.00
78228,511.00,476.00,142.00,340.00
79230,511.00,475.00,142.00,340.00
80233,510.00,475.00,142.00,340.00
81235,510.00,475.00,142.00,340.00
82238,510.00,475.00,142.00,340.00
83240,510.00,475.00,142.00,339.00
84243,510.00,474.00,142.00,339.00
85245,509.00,474.00,142.00,339.00
86247,509.00,474.00,142.00,339.00
87249,509.00,474.00,142.00,339.00
88252,509.00,474.00,142.00,339.00
89254,509.00,474.00,142.00,339.00
90257,509.00,474.00,142.00,340.00
91259,509.00,473.00,142.00,340.00
92262,509.00,473.00,142.00,341.00
93264,509.00,473.00,143.00,341.00
94267,509.00,473.00,144.00,341.00
95269,509.00,473.00,144.00,341.00
96272,509.00,473.00,144.00,342.00
97274,509.00,473.00,145.00,342.00
98277,509.00,473.00,144.00,342.00
99279,509.00,473.00,144.00,342.00
100281,509.00,473.00,144.00,342.00
101283,508.00,473.00,145.00,342.00
102286,508.00,473.00,145.00,342.00
103288,508.00,473.00,145.00,342.00
104291,508.00,473.00,145.00,342.00
105293,508.00,473.00,145.00,342.00
106296,508.00,473.00,145.00,342.00
107298,508.00,473.00,145.00,342.00
108301,508.00,473.00,145.00,342.00
109303,508.00,473.00,145.00,342.00
110306,507.00,472.00,145.00,341.00
111308,507.00,473.00,145.00,341.00
112311,507.00,473.00,145.00,341.00
113313,507.00,473.00,145.00,341.00
114316,507.00,473.00,145.00,341.00
115318,507.00,473.00,145.00,340.00
116321,507.00,472.00,145.00,340.00
117323,507.00,472.00,145.00,340.00
118326,507.00,472.00,144.00,340.00
119328,506.00,472.00,144.00,340.00
120331,506.00,471.00,144.00,339.00
121333,506.00,471.00,144.00,339.00
122336,506.00,471.00,144.00,339.00
123338,506.00,471.00,143.00,339.00
124341,506.00,471.00,143.00,339.00
125343,506.00,471.00,143.00,338.00
126346,506.00,471.00,143.00,338.00
127348,506.00,471.00,142.00,338.00
128351,505.00,471.00,142.00,337.00
129353,505.00,470.00,142.00,337.00
130356,505.00,470.00,142.00,337.00
131358,505.00,470.00,141.00,337.00
132361,504.00,469.00,141.00,337.00
133363,504.00,469.00,141.00,337.00
134366,504.00,468.00,141.00,336.00
135368,503.00,468.00,140.00,336.00
136371,503.00,468.00,140.00,336.00
137373,502.00,468.00,140.00,336.00
138376,502.00,468.00,140.00,336.00
139378,502.00,467.00,140.00,336.00
140381,501.00,467.00,140.00,336.00
141382,501.00,467.00,140.00,336.00
142385,501.00,467.00,140.00,336.00
143387,501.00,468.00,141.00,336.00
144390,500.00,468.00,141.00,336.00
145392,500.00,468.00,141.00,336.00
146395,500.00,468.00,141.00,336.00
147397,500.00,468.00,141.00,336.00
148400,500.00,468.00,141.00,335.00
149402,499.00,467.00,140.00,336.00
150405,499.00,467.00,140.00,336.00
151407,499.00,467.00,140.00,335.00
152410,499.00,467.00,140.00,335.00
153412,499.00,467.00,140.00,335.00
154415,499.00,468.00,140.00,335.00
155417,499.00,468.00,140.00,335.00
156420,499.00,468.00,139.00,335.00
157422,499.00,467.00,139.00,335.00
158425,498.00,467.00,139.00,334.00
159427,498.00,467.00,139.00,334.00
160430,499.00,467.00,139.00,334.00
161432,499.00,467.00,139.00,334.00
162435,499.00,467.00,139.00,335.00
163437,499.00,467.00,139.00,335.00
164440,499.00,467.00,139.00,335.00
165442,499.00,467.00,139.00,335.00
166445,500.00,468.00,139.00,335.00
167447,500.00,468.00,139.00,335.00
168450,500.00,468.00,140.00,335.00
169452,500.00,468.00,140.00,335.00
170455,500.00,468.00,141.00,335.00
171457,500.00,468.00,141.00,335.00
172460,500.00,467.00,141.00,335.00
173462,501.00,467.00,142.00,335.00
174465,501.00,467.00,142.00,335.00
175467,502.00,467.00,142.00,335.00
176470,502.00,467.00,142.00,336.00
177472,502.00,467.00,143.00,336.00
178475,502.00,467.00,143.00,336.00
179477,502.00,467.00,144.00,336.00
180480,502.00,467.00,143.00,336.00
Measurement complete.
