 f `MQ Gas Sensor Data Logger
Press the reset button to start measurements.
1009,330.00,264.00,87.00,172.00
2043,353.00,309.00,96.00,186.00
3046,376.00,351.00,106.00,200.00
4047,404.00,389.00,119.00,214.00
5050,433.00,424.00,134.00,229.00
6052,464.00,454.00,148.00,244.00
7055,494.00,478.00,165.00,260.00
8057,523.00,497.00,182.00,278.00
9060,549.00,512.00,201.00,295.00
10062,571.00,524.00,219.00,312.00
11065,589.00,533.00,237.00,329.00
12067,604.00,541.00,253.00,345.00
13070,617.00,549.00,267.00,360.00
14071,627.00,556.00,278.00,374.00
15074,635.00,561.00,288.00,388.00
16076,642.00,565.00,296.00,402.00
17079,648.00,569.00,303.00,415.00
18081,654.00,572.00,310.00,427.00
19084,657.00,575.00,314.00,437.00
20086,661.00,578.00,318.00,447.00
21089,664.00,581.00,323.00,456.00
22091,666.00,583.00,326.00,464.00
23094,668.00,584.00,328.00,471.00
24096,669.00,585.00,330.00,477.00
25099,670.00,586.00,333.00,483.00
26101,671.00,588.00,334.00,488.00
27104,672.00,589.00,336.00,492.00
28106,672.00,590.00,337.00,496.00
29109,673.00,592.00,338.00,499.00
30110,673.00,593.00,338.00,502.00
31113,674.00,594.00,339.00,505.00
32115,674.00,594.00,340.00,507.00
33118,674.00,595.00,341.00,510.00
34120,674.00,596.00,342.00,512.00
35123,675.00,597.00,342.00,514.00
36125,674.00,598.00,342.00,515.00
37128,674.00,600.00,343.00,517.00
38130,674.00,601.00,343.00,519.00
39133,674.00,602.00,344.00,520.00
40135,672.00,602.00,343.00,520.00
41138,672.00,603.00,343.00,520.00
42140,671.00,602.00,343.00,521.00
43143,670.00,602.00,343.00,522.00
44145,670.00,602.00,343.00,522.00
45148,668.00,601.00,342.00,521.00
46149,667.00,601.00,341.00,522.00
47152,666.00,601.00,341.00,522.00
48154,665.00,601.00,341.00,522.00
49157,665.00,602.00,341.00,522.00
50159,664.00,603.00,341.00,522.00
51162,663.00,604.00,340.00,523.00
52164,663.00,604.00,340.00,523.00
53167,662.00,604.00,340.00,522.00
54169,661.00,604.00,339.00,522.00
55172,660.00,604.00,339.00,522.00
56174,660.00,605.00,339.00,522.00
57177,659.00,605.00,339.00,522.00
58179,658.00,605.00,339.00,522.00
59182,658.00,605.00,338.00,522.00
60184,657.00,605.00,338.00,522.00
61187,657.00,605.00,338.00,522.00
62188,656.00,605.00,337.00,522.00
63191,655.00,604.00,337.00,521.00
64193,654.00,604.00,337.00,521.00
65196,654.00,603.00,337.00,521.00
66198,653.00,603.00,336.00,521.00
67201,652.00,604.00,336.00,521.00
68203,652.00,604.00,336.00,520.00
69206,651.00,605.00,336.00,520.00
70208,651.00,606.00,335.00,520.00
71211,650.00,606.00,335.00,520.00
72213,650.00,607.00,335.00,520.00
73216,650.00,607.00,335.00,520.00
74218,650.00,607.00,335.00,520.00
75220,650.00,608.00,335.00,520.00
76223,649.00,608.00,334.00,519.00
77225,648.00,607.00,334.00,519.00
78227,648.00,607.00,334.00,519.00
79229,647.00,607.00,334.00,519.00
80232,646.00,607.00,334.00,518.00
81234,645.00,607.00,333.00,518.00
82237,645.00,607.00,333.00,518.00
83239,644.00,607.00,333.00,518.00
84242,644.00,607.00,333.00,517.00
85244,643.00,607.00,332.00,516.00
86247,643.00,607.00,332.00,517.00
87249,642.00,607.00,332.00,516.00
88252,642.00,607.00,332.00,516.00
89254,641.00,605.00,331.00,515.00
90257,640.00,605.00,332.00,515.00
91259,639.00,604.00,332.00,515.00
92262,638.00,603.00,331.00,514.00
93264,637.00,603.00,331.00,514.00
94266,637.00,602.00,331.00,514.00
95268,635.00,602.00,331.00,514.00
96271,635.00,603.00,331.00,514.00
97273,635.00,603.00,331.00,514.00
98276,634.00,603.00,331.00,513.00
99278,634.00,602.00,330.00,513.00
100281,633.00,602.00,330.00,513.00
101283,633.00,602.00,332.00,513.00
102286,636.00,606.00,341.00,519.00
103288,634.00,604.00,339.00,517.00
104291,633.00,603.00,338.00,515.00
105293,632.00,603.00,338.00,515.00
106296,627.00,598.00,334.00,510.00
107298,626.00,598.00,332.00,509.00
108301,637.00,610.00,351.00,524.00
109303,626.00,598.00,334.00,510.00
110306,612.00,584.00,307.00,491.00
111308,612.00,583.00,305.00,489.00
112311,611.00,582.00,302.00,487.00
113313,612.00,584.00,303.00,488.00
114316,613.00,584.00,304.00,489.00
115318,613.00,585.00,304.00,490.00
116321,613.00,586.00,305.00,490.00
117323,614.00,586.00,305.00,490.00
118326,614.00,587.00,306.00,491.00
119328,614.00,587.00,306.00,491.00
120331,614.00,587.00,306.00,492.00
121333,614.00,587.00,307.00,492.00
122336,614.00,587.00,307.00,492.00
123338,614.00,587.00,307.00,492.00
124341,614.00,587.00,307.00,492.00
125342,614.00,587.00,307.00,493.00
126345,613.00,588.00,307.00,493.00
127347,613.00,588.00,307.00,493.00
128350,613.00,588.00,307.00,493.00
129352,613.00,588.00,307.00,493.00
130355,612.00,588.00,307.00,493.00
131357,612.00,588.00,306.00,493.00
132360,611.00,588.00,306.00,493.00
133362,611.00,588.00,306.00,493.00
134365,611.00,587.00,306.00,493.00
135367,611.00,587.00,306.00,493.00
136370,610.00,587.00,305.00,492.00
137372,609.00,586.00,305.00,492.00
138375,609.00,586.00,305.00,492.00
139377,609.00,587.00,306.00,492.00
140380,608.00,587.00,305.00,492.00
141382,607.00,587.00,305.00,492.00
142385,607.00,587.00,304.00,491.00
143387,606.00,586.00,304.00,491.00
144390,605.00,587.00,303.00,491.00
145392,605.00,587.00,303.00,491.00
146395,605.00,588.00,303.00,491.00
147397,604.00,588.00,303.00,491.00
148400,604.00,588.00,303.00,491.00
149402,605.00,589.00,303.00,491.00
150405,605.00,589.00,302.00,491.00
151407,605.00,589.00,302.00,491.00
152410,604.00,588.00,302.00,490.00
153412,604.00,588.00,301.00,490.00
154415,604.00,589.00,301.00,490.00
155417,603.00,588.00,300.00,490.00
156420,602.00,587.00,299.00,489.00
157422,602.00,587.00,299.00,489.00
158425,602.00,587.00,299.00,489.00
159427,600.00,586.00,298.00,488.00
160430,600.00,586.00,299.00,487.00
161432,599.00,586.00,298.00,487.00
162435,599.00,586.00,298.00,487.00
163437,599.00,586.00,298.00,487.00
164440,598.00,586.00,298.00,486.00
165442,597.00,587.00,297.00,486.00
166445,595.00,586.00,296.00,485.00
167447,598.00,589.00,297.00,486.00
168449,597.00,589.00,297.00,486.00
169451,597.00,588.00,297.00,486.00
170454,597.00,588.00,296.00,486.00
171456,596.00,588.00,296.00,485.00
172459,596.00,587.00,296.00,485.00
173461,595.00,588.00,295.00,485.00
174464,595.00,587.00,295.00,484.00
175466,595.00,587.00,295.00,484.00
176468,594.00,587.00,294.00,484.00
177471,593.00,586.00,293.00,483.00
178473,593.00,586.00,293.00,483.00
179476,592.00,586.00,293.00,483.00
180478,591.00,584.00,292.00,481.00
Measurement complete.