MQ Gas Sensor Data Logger
Press the reset button to start measurements.
1009,550.00,578.00,235.00,437.00
2044,550.00,578.00,235.00,437.00
3047,550.00,580.00,235.00,438.00
4049,551.00,580.00,235.00,438.00
5051,550.00,580.00,235.00,438.00
6053,550.00,580.00,235.00,439.00
7056,550.00,581.00,235.00,439.00
8058,551.00,581.00,235.00,439.00
9061,551.00,582.00,235.00,440.00
10063,550.00,581.00,235.00,439.00
11066,551.00,582.00,235.00,440.00
12068,551.00,582.00,235.00,440.00
13071,551.00,582.00,235.00,440.00
14073,551.00,583.00,235.00,441.00
15076,551.00,583.00,235.00,441.00
16077,551.00,583.00,235.00,441.00
17080,550.00,583.00,235.00,441.00
18082,550.00,583.00,234.00,441.00
19085,550.00,584.00,234.00,441.00
20087,550.00,584.00,234.00,442.00
21090,550.00,584.00,234.00,442.00
22092,550.00,584.00,234.00,442.00
23095,550.00,584.00,234.00,442.00
24097,549.00,584.00,233.00,442.00
25100,549.00,584.00,233.00,442.00
26102,549.00,584.00,233.00,442.00
27105,548.00,584.00,232.00,441.00
28107,548.00,584.00,232.00,441.00
29110,548.00,584.00,232.00,442.00
30111,548.00,584.00,231.00,441.00
31114,547.00,584.00,231.00,441.00
32116,547.00,584.00,231.00,441.00
33119,546.00,584.00,230.00,441.00
34121,546.00,584.00,230.00,441.00
35124,546.00,584.00,229.00,441.00
36126,546.00,584.00,229.00,441.00
37129,545.00,584.00,229.00,441.00
38131,545.00,584.00,229.00,440.00
39134,545.00,584.00,229.00,440.00
40136,545.00,584.00,228.00,440.00
41139,544.00,584.00,228.00,440.00
42141,544.00,584.00,227.00,440.00
43144,544.00,584.00,227.00,440.00
44145,544.00,584.00,227.00,440.00
45148,543.00,583.00,226.00,439.00
46150,543.00,583.00,225.00,439.00
47153,542.00,583.00,225.00,439.00
48155,542.00,583.00,225.00,439.00
49158,542.00,583.00,224.00,439.00
50160,541.00,583.00,224.00,438.00
51163,541.00,582.00,223.00,438.00
52165,541.00,583.00,223.00,438.00
53168,541.00,582.00,223.00,438.00
54170,540.00,582.00,222.00,437.00
55173,540.00,582.00,222.00,437.00
56175,540.00,582.00,221.00,437.00
57178,539.00,582.00,221.00,437.00
58179,539.00,582.00,221.00,436.00
59182,538.00,581.00,220.00,436.00
60184,538.00,581.00,220.00,436.00
61187,538.00,581.00,219.00,436.00
62189,537.00,581.00,219.00,435.00
63192,537.00,581.00,219.00,435.00
64194,537.00,581.00,219.00,435.00
65197,536.00,580.00,218.00,435.00
66199,536.00,581.00,218.00,434.00
67202,536.00,580.00,217.00,434.00
68204,536.00,580.00,217.00,434.00
69207,535.00,580.00,217.00,434.00
70209,535.00,580.00,216.00,433.00
71212,534.00,579.00,216.00,433.00
72213,534.00,579.00,216.00,433.00
73216,533.00,579.00,215.00,433.00
74218,532.00,577.00,214.00,431.00
75220,532.00,578.00,214.00,432.00
76223,532.00,578.00,214.00,432.00
77225,531.00,578.00,214.00,431.00
78228,531.00,577.00,213.00,431.00
79230,531.00,577.00,213.00,431.00
80233,530.00,577.00,212.00,430.00
81235,530.00,577.00,212.00,430.00
82238,529.00,577.00,212.00,430.00
83240,529.00,577.00,212.00,430.00
84243,528.00,575.00,211.00,429.00
85245,527.00,575.00,210.00,428.00
86247,527.00,575.00,210.00,428.00
87249,527.00,574.00,210.00,428.00
88252,527.00,575.00,210.00,428.00
89254,526.00,574.00,209.00,428.00
90257,526.00,574.00,209.00,428.00
91259,525.00,573.00,208.00,427.00
92262,525.00,574.00,208.00,427.00
93264,525.00,574.00,208.00,427.00
94267,526.00,576.00,209.00,428.00
95269,526.00,575.00,208.00,428.00
96272,525.00,575.00,208.00,428.00
97274,525.00,574.00,208.00,428.00
98277,524.00,574.00,208.00,428.00
99279,523.00,574.00,208.00,427.00
100282,523.00,573.00,207.00,427.00
101283,522.00,573.00,207.00,427.00
102286,522.00,573.00,207.00,426.00
103288,521.00,573.00,206.00,426.00
104291,521.00,573.00,206.00,426.00
105293,520.00,572.00,206.00,426.00
106296,520.00,572.00,205.00,425.00
107298,519.00,571.00,205.00,425.00
108301,516.00,568.00,203.00,422.00
109303,517.00,570.00,203.00,423.00
110306,517.00,570.00,203.00,423.00
111308,516.00,569.00,202.00,422.00
112311,516.00,569.00,202.00,422.00
113313,516.00,570.00,202.00,422.00
114316,516.00,569.00,201.00,422.00
115318,517.00,571.00,202.00,423.00
116321,517.00,571.00,201.00,423.00
117323,517.00,571.00,201.00,423.00
118326,517.00,570.00,201.00,422.00
119328,516.00,570.00,201.00,422.00
120331,516.00,569.00,200.00,422.00
121333,515.00,569.00,200.00,421.00
122336,515.00,568.00,200.00,421.00
123338,513.00,567.00,199.00,419.00
124341,512.00,566.00,198.00,419.00
125343,513.00,567.00,199.00,419.00
126346,512.00,567.00,198.00,419.00
127348,512.00,567.00,198.00,419.00
128351,512.00,567.00,198.00,418.00
129353,511.00,566.00,197.00,418.00
130356,512.00,567.00,197.00,418.00
131358,513.00,568.00,198.00,419.00
132361,512.00,568.00,198.00,419.00
133363,512.00,568.00,197.00,419.00
134366,512.00,568.00,197.00,418.00
135368,511.00,567.00,197.00,418.00
136371,511.00,567.00,197.00,418.00
137373,510.00,567.00,196.00,418.00
138376,510.00,567.00,196.00,417.00
139378,510.00,567.00,196.00,417.00
140381,509.00,566.00,196.00,417.00
141383,509.00,566.00,195.00,417.00
142385,508.00,565.00,195.00,416.00
143387,508.00,565.00,195.00,416.00
144390,507.00,565.00,195.00,416.00
145392,507.00,565.00,194.00,415.00
146395,507.00,564.00,194.00,415.00
147397,506.00,563.00,194.00,414.00
148400,505.00,563.00,193.00,414.00
149402,502.00,559.00,192.00,412.00
150405,504.00,561.00,193.00,413.00
151407,503.00,561.00,193.00,413.00
152410,502.00,560.00,192.00,412.00
153412,502.00,561.00,192.00,413.00
154415,501.00,560.00,191.00,412.00
155417,501.00,560.00,191.00,412.00
156420,500.00,560.00,191.00,411.00
157422,500.00,559.00,190.00,411.00
158425,499.00,559.00,190.00,410.00
159427,499.00,559.00,190.00,410.00
160430,499.00,559.00,189.00,410.00
161432,499.00,559.00,189.00,410.00
162435,498.00,558.00,189.00,409.00
163437,498.00,558.00,189.00,409.00
164440,498.00,558.00,188.00,409.00
165442,498.00,558.00,188.00,409.00
166445,497.00,557.00,188.00,408.00
167447,497.00,557.00,187.00,408.00
168450,497.00,557.00,187.00,408.00
169452,497.00,557.00,187.00,408.00
170455,497.00,558.00,187.00,408.00
171457,497.00,557.00,187.00,408.00
172460,496.00,556.00,186.00,407.00
173462,496.00,556.00,186.00,406.00
174465,495.00,555.00,186.00,406.00
175467,495.00,555.00,186.00,406.00
176470,494.00,555.00,185.00,405.00
177472,493.00,554.00,184.00,404.00
178475,493.00,553.00,184.00,404.00
179477,493.00,553.00,184.00,403.00
180480,495.00,556.00,185.00,405.00
Measurement complete.