  MQ Gas Sensor Data Logger
Press the reset button to start measurements.
1009,418.00,459.00,130.00,307.00
2044,417.00,458.00,130.00,307.00
3047,417.00,458.00,131.00,307.00
4049,417.00,458.00,131.00,308.00
5051,417.00,458.00,131.00,308.00
6053,417.00,458.00,131.00,308.00
7056,417.00,458.00,131.00,308.00
8058,417.00,457.00,131.00,308.00
9061,417.00,457.00,131.00,308.00
10063,418.00,459.00,132.00,309.00
11066,417.00,458.00,132.00,309.00
12068,417.00,458.00,132.00,309.00
13071,417.00,458.00,132.00,309.00
14073,417.00,458.00,132.00,309.00
15075,417.00,457.00,132.00,309.00
16077,416.00,456.00,132.00,309.00
17080,416.00,456.00,132.00,309.00
18082,416.00,456.00,132.00,309.00
19085,416.00,456.00,132.00,309.00
20087,416.00,456.00,132.00,309.00
21090,416.00,456.00,132.00,309.00
22092,416.00,456.00,132.00,309.00
23095,416.00,455.00,132.00,309.00
24097,416.00,455.00,132.00,309.00
25100,416.00,455.00,132.00,309.00
26102,416.00,455.00,132.00,309.00
27105,416.00,455.00,132.00,309.00
28107,416.00,455.00,132.00,310.00
29109,416.00,456.00,132.00,310.00
30111,416.00,456.00,132.00,310.00
31114,416.00,456.00,132.00,310.00
32116,416.00,457.00,132.00,310.00
33119,415.00,456.00,132.00,310.00
34121,415.00,457.00,132.00,310.00
35124,415.00,456.00,132.00,310.00
36126,415.00,456.00,132.00,310.00
37129,415.00,456.00,132.00,310.00
38131,415.00,456.00,132.00,310.00
39134,415.00,456.00,132.00,310.00
40136,415.00,456.00,132.00,310.00
41139,414.00,457.00,132.00,310.00
42141,414.00,457.00,132.00,309.00
43144,414.00,457.00,132.00,309.00
44145,414.00,457.00,132.00,310.00
45148,414.00,457.00,132.00,310.00
46150,414.00,457.00,132.00,310.00
47153,414.00,457.00,132.00,310.00
48155,414.00,457.00,132.00,310.00
49158,414.00,457.00,132.00,310.00
50160,414.00,457.00,132.00,310.00
51163,414.00,457.00,132.00,310.00
52165,413.00,457.00,132.00,309.00
53168,413.00,457.00,132.00,309.00
54170,413.00,457.00,132.00,309.00
55173,413.00,456.00,132.00,309.00
56175,413.00,456.00,132.00,309.00
57178,412.00,456.00,132.00,309.00
58179,412.00,456.00,132.00,309.00
59182,412.00,456.00,132.00,309.00
60184,412.00,456.00,132.00,309.00
61187,412.00,456.00,132.00,309.00
62189,412.00,455.00,132.00,309.00
63192,413.00,456.00,132.00,310.00
64194,412.00,456.00,132.00,309.00
65197,412.00,455.00,132.00,309.00
66199,412.00,455.00,132.00,309.00
67202,412.00,455.00,132.00,309.00
68204,412.00,455.00,132.00,309.00
69207,412.00,455.00,132.00,309.00
70209,412.00,455.00,132.00,309.00
71212,412.00,455.00,132.00,309.00
72213,412.00,455.00,132.00,309.00
73216,412.00,455.00,132.00,309.00
74218,413.00,457.00,132.00,310.00
75220,413.00,456.00,132.00,310.00
76223,413.00,457.00,132.00,310.00
77225,413.00,457.00,132.00,310.00
78228,412.00,456.00,132.00,310.00
79230,412.00,457.00,132.00,310.00
80233,412.00,457.00,132.00,310.00
81235,412.00,456.00,132.00,310.00
82238,412.00,456.00,132.00,310.00
83240,412.00,456.00,132.00,310.00
84243,412.00,456.00,132.00,310.00
85245,412.00,455.00,132.00,309.00
86247,412.00,455.00,132.00,310.00
87249,411.00,455.00,132.00,309.00
88252,411.00,454.00,131.00,309.00
89254,411.00,454.00,131.00,309.00
90257,411.00,454.00,131.00,309.00
91259,411.00,454.00,131.00,309.00
92262,411.00,455.00,131.00,309.00
93264,411.00,455.00,131.00,309.00
94267,410.00,455.00,131.00,309.00
95269,410.00,455.00,131.00,309.00
96272,410.00,455.00,131.00,309.00
97274,409.00,455.00,131.00,309.00
98277,409.00,455.00,131.00,309.00
99279,409.00,454.00,131.00,309.00
100281,409.00,455.00,131.00,309.00
101283,409.00,455.00,131.00,309.00
102286,409.00,454.00,131.00,309.00
103288,409.00,454.00,131.00,309.00
104291,409.00,454.00,131.00,310.00
105293,409.00,454.00,131.00,310.00
106296,409.00,455.00,132.00,310.00
107298,409.00,455.00,132.00,310.00
108301,409.00,455.00,132.00,310.00
109303,410.00,455.00,132.00,311.00
110306,410.00,455.00,132.00,310.00
111308,410.00,455.00,132.00,311.00
112311,412.00,457.00,132.00,312.00
113313,411.00,456.00,132.00,311.00
114316,411.00,455.00,132.00,311.00
115318,410.00,455.00,132.00,311.00
116321,410.00,455.00,132.00,311.00
117323,410.00,455.00,132.00,311.00
118326,410.00,456.00,132.00,311.00
119328,410.00,455.00,132.00,311.00
120331,410.00,455.00,132.00,311.00
121333,409.00,455.00,132.00,311.00
122336,409.00,454.00,132.00,311.00
123338,409.00,454.00,132.00,311.00
124341,409.00,454.00,131.00,310.00
125343,409.00,454.00,131.00,310.00
126346,409.00,454.00,131.00,310.00
127348,409.00,453.00,131.00,310.00
128351,409.00,453.00,131.00,310.00
129353,408.00,453.00,131.00,310.00
130356,409.00,452.00,131.00,310.00
131358,409.00,452.00,131.00,310.00
132361,409.00,452.00,131.00,310.00
133363,408.00,452.00,131.00,310.00
134366,408.00,452.00,131.00,310.00
135368,408.00,452.00,131.00,310.00
136371,408.00,452.00,131.00,310.00
137373,408.00,452.00,130.00,310.00
138376,408.00,452.00,130.00,310.00
139378,407.00,452.00,130.00,310.00
140381,407.00,451.00,130.00,310.00
141382,407.00,451.00,130.00,310.00
142385,407.00,451.00,130.00,309.00
143387,407.00,451.00,130.00,309.00
144390,407.00,452.00,130.00,309.00
145392,406.00,452.00,130.00,309.00
146395,407.00,453.00,130.00,310.00
147397,406.00,452.00,130.00,309.00
148400,406.00,453.00,130.00,309.00
149402,406.00,453.00,130.00,309.00
150405,406.00,452.00,130.00,309.00
151407,406.00,451.00,130.00,309.00
152410,406.00,451.00,130.00,309.00
153412,406.00,451.00,130.00,309.00
154415,406.00,450.00,130.00,309.00
155417,405.00,450.00,130.00,309.00
156420,405.00,450.00,130.00,309.00
157422,405.00,450.00,130.00,308.00
158425,405.00,450.00,130.00,308.00
159427,405.00,450.00,130.00,308.00
160430,405.00,450.00,129.00,308.00
161432,404.00,450.00,129.00,308.00
162435,404.00,450.00,129.00,308.00
163437,404.00,450.00,129.00,308.00
164440,404.00,449.00,129.00,308.00
165442,404.00,449.00,129.00,308.00
166445,404.00,449.00,129.00,308.00
167447,404.00,449.00,129.00,308.00
168450,404.00,449.00,129.00,308.00
169452,404.00,449.00,129.00,308.00
170455,404.00,449.00,129.00,308.00
171457,403.00,449.00,129.00,307.00
172460,403.00,449.00,129.00,308.00
173462,403.00,449.00,129.00,307.00
174465,403.00,449.00,128.00,307.00
175467,403.00,449.00,128.00,307.00
176470,402.00,448.00,128.00,307.00
177472,402.00,447.00,128.00,307.00
178475,402.00,447.00,128.00,307.00
179477,402.00,447.00,128.00,307.00
180480,402.00,448.00,128.00,306.00
Measurement complete.