"MQ Gas Sensor Data Logger
Press the reset button to start measurements.
1009,517.00,425.00,328.00,430.00
2044,517.00,425.00,328.00,430.00
3047,516.00,424.00,328.00,429.00
4049,516.00,424.00,327.00,429.00
5051,517.00,425.00,328.00,430.00
6053,517.00,425.00,328.00,430.00
7056,517.00,425.00,328.00,430.00
8058,517.00,425.00,328.00,430.00
9061,517.00,425.00,328.00,430.00
10063,517.00,425.00,328.00,430.00
11066,518.00,426.00,329.00,431.00
12068,519.00,427.00,330.00,432.00
13071,519.00,427.00,329.00,431.00
14073,518.00,427.00,330.00,431.00
15076,520.00,427.00,330.00,432.00
16078,520.00,429.00,332.00,433.00
17080,519.00,428.00,331.00,433.00
18082,519.00,428.00,331.00,432.00
19085,518.00,427.00,331.00,432.00
20087,518.00,427.00,331.00,432.00
21090,519.00,428.00,331.00,433.00
22092,518.00,427.00,331.00,432.00
23095,519.00,428.00,332.00,433.00
24097,519.00,428.00,332.00,432.00
25100,519.00,428.00,332.00,432.00
26102,521.00,430.00,334.00,434.00
27105,518.00,428.00,332.00,432.00
28107,518.00,427.00,332.00,432.00
29110,518.00,427.00,331.00,431.00
30112,518.00,427.00,331.00,431.00
31115,518.00,427.00,331.00,432.00
32117,519.00,428.00,332.00,433.00
33119,517.00,427.00,331.00,431.00
34121,517.00,427.00,331.00,432.00
35124,518.00,428.00,332.00,432.00
36126,518.00,428.00,332.00,432.00
37129,519.00,428.00,333.00,433.00
38131,524.00,432.00,335.00,437.00
39134,521.00,430.00,334.00,435.00
40136,520.00,430.00,336.00,435.00
41139,520.00,430.00,335.00,434.00
42141,518.00,429.00,334.00,433.00
43144,519.00,429.00,335.00,433.00
44146,518.00,429.00,334.00,433.00
45149,518.00,428.00,334.00,433.00
46151,517.00,428.00,334.00,432.00
47154,517.00,428.00,334.00,432.00
48156,518.00,429.00,335.00,433.00
49158,517.00,428.00,334.00,433.00
50160,517.00,428.00,334.00,432.00
51163,517.00,428.00,334.00,432.00
52165,518.00,428.00,334.00,433.00
53168,518.00,428.00,335.00,433.00
54170,517.00,428.00,334.00,432.00
55173,517.00,428.00,334.00,432.00
56175,517.00,428.00,335.00,433.00
57178,518.00,429.00,335.00,434.00
58180,518.00,428.00,335.00,433.00
59183,518.00,429.00,335.00,433.00
60185,518.00,428.00,335.00,433.00
61188,518.00,429.00,335.00,433.00
62190,518.00,428.00,335.00,433.00
63193,517.00,428.00,335.00,432.00
64195,517.00,428.00,336.00,433.00
65197,518.00,429.00,336.00,433.00
66199,517.00,428.00,335.00,432.00
67202,517.00,428.00,336.00,433.00
68204,517.00,428.00,335.00,432.00
69207,517.00,428.00,336.00,432.00
70209,517.00,428.00,336.00,432.00
71212,518.00,429.00,336.00,433.00
72214,517.00,428.00,336.00,433.00
73217,517.00,428.00,336.00,433.00
74219,517.00,428.00,336.00,432.00
75222,518.00,429.00,337.00,433.00
76224,518.00,429.00,337.00,433.00
77227,517.00,428.00,337.00,433.00
78229,517.00,429.00,337.00,433.00
79232,518.00,429.00,337.00,434.00
80234,517.00,428.00,337.00,433.00
81235,517.00,428.00,337.00,433.00
82238,517.00,428.00,337.00,433.00
83240,517.00,428.00,337.00,433.00
84243,518.00,429.00,338.00,434.00
85245,517.00,429.00,338.00,433.00
86248,518.00,429.00,338.00,434.00
87250,518.00,429.00,338.00,434.00
88253,519.00,430.00,338.00,434.00
89255,518.00,429.00,338.00,434.00
90258,518.00,430.00,338.00,434.00
91260,518.00,430.00,339.00,434.00
92263,518.00,430.00,339.00,434.00
93265,519.00,430.00,339.00,435.00
94268,518.00,430.00,339.00,434.00
95270,518.00,429.00,339.00,434.00
96273,518.00,429.00,338.00,434.00
97274,517.00,429.00,339.00,434.00
98277,517.00,429.00,339.00,434.00
99279,518.00,429.00,339.00,434.00
100282,518.00,430.00,339.00,434.00
101284,518.00,430.00,340.00,434.00
102287,518.00,430.00,339.00,434.00
103289,518.00,430.00,340.00,434.00
104292,518.00,430.00,340.00,434.00
105294,518.00,430.00,340.00,434.00
106297,518.00,430.00,340.00,434.00
107299,518.00,430.00,340.00,434.00
108302,519.00,431.00,341.00,435.00
109304,519.00,430.00,341.00,435.00
110307,518.00,430.00,341.00,435.00
111309,519.00,431.00,341.00,435.00
112312,519.00,431.00,341.00,435.00
113314,519.00,431.00,341.00,435.00
114317,519.00,431.00,341.00,435.00
115319,519.00,431.00,342.00,435.00
116322,519.00,431.00,342.00,435.00
117324,519.00,431.00,342.00,436.00
118327,519.00,431.00,342.00,436.00
119329,519.00,431.00,342.00,436.00
120332,520.00,431.00,343.00,436.00
121334,519.00,431.00,342.00,436.00
122337,519.00,431.00,343.00,436.00
123339,519.00,431.00,343.00,436.00
124342,519.00,431.00,342.00,436.00
125344,519.00,431.00,343.00,436.00
126347,519.00,431.00,343.00,436.00
127349,519.00,431.00,343.00,436.00
128352,519.00,431.00,343.00,436.00
129354,519.00,432.00,344.00,437.00
130357,519.00,431.00,343.00,436.00
131359,519.00,431.00,343.00,436.00
132362,519.00,432.00,344.00,436.00
133363,519.00,431.00,343.00,436.00
134366,518.00,431.00,343.00,436.00
135368,519.00,431.00,343.00,436.00
136371,519.00,431.00,343.00,436.00
137373,519.00,432.00,344.00,437.00
138376,519.00,431.00,344.00,436.00
139378,519.00,431.00,344.00,436.00
140381,519.00,431.00,344.00,436.00
141383,519.00,432.00,344.00,437.00
142386,519.00,432.00,344.00,437.00
143388,519.00,432.00,344.00,437.00
144391,522.00,434.00,346.00,439.00
145393,521.00,433.00,345.00,438.00
146396,520.00,432.00,345.00,438.00
147398,520.00,432.00,345.00,438.00
148401,521.00,433.00,346.00,439.00
149403,520.00,433.00,346.00,438.00
150406,520.00,433.00,346.00,438.00
151408,520.00,433.00,346.00,438.00
152411,520.00,432.00,346.00,438.00
153413,520.00,433.00,346.00,438.00
154416,520.00,432.00,346.00,438.00
155418,520.00,433.00,346.00,438.00
156421,521.00,434.00,347.00,439.00
157423,521.00,433.00,347.00,439.00
158426,522.00,434.00,348.00,440.00
159428,520.00,433.00,347.00,439.00
160431,521.00,433.00,347.00,439.00
161433,520.00,433.00,347.00,439.00
162436,520.00,433.00,347.00,439.00
163438,521.00,433.00,348.00,439.00
164441,521.00,433.00,348.00,439.00
165443,520.00,433.00,348.00,439.00
166446,520.00,433.00,348.00,439.00
167448,521.00,433.00,348.00,439.00
168451,520.00,433.00,348.00,439.00
169453,520.00,433.00,348.00,439.00
170456,520.00,433.00,348.00,439.00
171458,520.00,433.00,348.00,439.00
172461,520.00,433.00,348.00,439.00
173463,520.00,433.00,348.00,439.00
174466,520.00,433.00,348.00,439.00
175467,520.00,433.00,349.00,439.00
176470,521.00,433.00,349.00,440.00
177472,520.00,433.00,349.00,439.00
178475,521.00,433.00,349.00,440.00
179477,520.00,433.00,349.00,440.00
180480,521.00,433.00,349.00,440.00
Measurement complete.
