 5MQ Gas Sensor Data Logger
Press the reset button to start measurements.
1009,486.00,378.00,247.00,381.00
2044,487.00,379.00,248.00,383.00
3047,488.00,380.00,249.00,384.00
4049,489.00,381.00,251.00,385.00
5051,489.00,381.00,250.00,385.00
6053,490.00,383.00,252.00,387.00
7056,493.00,386.00,256.00,390.00
8058,492.00,384.00,253.00,388.00
9061,493.00,385.00,255.00,389.00
10063,493.00,385.00,255.00,389.00
11066,483.00,372.00,238.00,376.00
12068,487.00,376.00,243.00,381.00
13071,490.00,377.00,246.00,384.00
14073,488.00,375.00,242.00,381.00
15075,490.00,377.00,244.00,383.00
16077,492.00,379.00,246.00,385.00
17080,499.00,389.00,258.00,394.00
18082,498.00,387.00,256.00,392.00
19085,499.00,388.00,257.00,393.00
20087,500.00,389.00,258.00,394.00
21090,501.00,390.00,260.00,396.00
22092,500.00,388.00,257.00,393.00
23095,508.00,398.00,269.00,403.00
24097,509.00,399.00,271.00,404.00
25100,509.00,400.00,272.00,405.00
26102,512.00,402.00,275.00,407.00
27105,509.00,400.00,272.00,405.00
28107,509.00,400.00,271.00,404.00
29110,509.00,399.00,270.00,403.00
30112,510.00,400.00,272.00,405.00
31114,510.00,400.00,272.00,405.00
32116,512.00,402.00,273.00,406.00
33119,512.00,402.00,274.00,406.00
34121,512.00,402.00,273.00,406.00
35124,512.00,402.00,274.00,406.00
36126,513.00,403.00,275.00,407.00
37129,511.00,401.00,272.00,404.00
38131,512.00,402.00,273.00,405.00
39134,513.00,403.00,274.00,406.00
40136,514.00,404.00,276.00,407.00
41139,517.00,407.00,280.00,410.00
42141,517.00,408.00,280.00,410.00
43144,518.00,408.00,281.00,411.00
44146,527.00,420.00,296.00,423.00
45149,528.00,421.00,297.00,423.00
46151,525.00,418.00,293.00,420.00
47153,526.00,419.00,294.00,421.00
48155,523.00,415.00,290.00,417.00
49158,526.00,419.00,295.00,421.00
50160,524.00,417.00,293.00,419.00
51163,526.00,418.00,294.00,420.00
52165,528.00,421.00,297.00,423.00
53168,529.00,422.00,299.00,424.00
54170,514.00,403.00,274.00,404.00
55173,517.00,407.00,278.00,408.00
56175,519.00,408.00,280.00,409.00
57178,524.00,414.00,288.00,415.00
58180,523.00,414.00,288.00,415.00
59183,524.00,415.00,288.00,416.00
60185,524.00,415.00,289.00,416.00
61188,523.00,413.00,286.00,414.00
62190,525.00,416.00,290.00,417.00
63192,526.00,417.00,291.00,418.00
64194,526.00,417.00,291.00,418.00
65197,526.00,417.00,291.00,418.00
66199,525.00,415.00,288.00,416.00
67202,525.00,415.00,288.00,416.00
68204,525.00,416.00,289.00,416.00
69207,526.00,416.00,289.00,416.00
70209,526.00,416.00,289.00,416.00
71212,526.00,416.00,289.00,416.00
72214,527.00,417.00,290.00,417.00
73217,526.00,416.00,289.00,416.00
74219,527.00,417.00,290.00,417.00
75222,528.00,417.00,290.00,417.00
76224,528.00,417.00,290.00,417.00
77227,528.00,418.00,290.00,417.00
78229,528.00,417.00,289.00,416.00
79230,527.00,416.00,288.00,415.00
80233,528.00,417.00,289.00,416.00
81235,531.00,419.00,290.00,418.00
82238,528.00,417.00,289.00,416.00
83240,528.00,417.00,289.00,416.00
84243,529.00,418.00,290.00,417.00
85245,529.00,418.00,289.00,416.00
86248,529.00,418.00,290.00,417.00
87250,528.00,417.00,289.00,416.00
88253,529.00,418.00,289.00,416.00
89255,531.00,420.00,293.00,419.00
90258,525.00,412.00,282.00,410.00
91260,526.00,413.00,284.00,412.00
92263,527.00,414.00,284.00,412.00
93265,528.00,415.00,285.00,413.00
94268,528.00,415.00,285.00,413.00
95269,529.00,416.00,287.00,415.00
96272,532.00,419.00,288.00,417.00
97274,531.00,418.00,288.00,416.00
98277,531.00,418.00,288.00,416.00
99279,531.00,417.00,288.00,415.00
100282,530.00,417.00,287.00,415.00
101284,532.00,418.00,288.00,416.00
102287,533.00,419.00,290.00,417.00
103289,532.00,418.00,288.00,416.00
104292,532.00,418.00,288.00,416.00
105294,532.00,418.00,288.00,416.00
106297,533.00,419.00,289.00,416.00
107299,533.00,420.00,290.00,417.00
108302,533.00,419.00,290.00,417.00
109304,533.00,419.00,290.00,416.00
110307,532.00,418.00,288.00,415.00
111309,534.00,420.00,291.00,417.00
112312,534.00,420.00,291.00,418.00
113314,534.00,421.00,292.00,418.00
114317,534.00,420.00,292.00,418.00
115319,536.00,422.00,294.00,420.00
116322,537.00,423.00,295.00,421.00
117324,537.00,424.00,296.00,421.00
118327,535.00,421.00,293.00,418.00
119329,534.00,420.00,291.00,417.00
120332,536.00,421.00,292.00,418.00
121334,536.00,421.00,292.00,418.00
122337,536.00,422.00,293.00,419.00
123339,536.00,422.00,293.00,419.00
124342,536.00,422.00,294.00,419.00
125344,537.00,423.00,295.00,420.00
126347,538.00,424.00,297.00,421.00
127349,538.00,424.00,296.00,421.00
128351,537.00,423.00,294.00,420.00
129353,538.00,424.00,296.00,421.00
130356,538.00,424.00,296.00,421.00
131358,537.00,422.00,294.00,419.00
132361,539.00,424.00,296.00,421.00
133363,537.00,422.00,293.00,418.00
134366,536.00,421.00,292.00,417.00
135368,537.00,422.00,293.00,418.00
136371,538.00,423.00,294.00,419.00
137373,539.00,424.00,296.00,420.00
138376,538.00,423.00,295.00,419.00
139378,538.00,423.00,295.00,419.00
140381,539.00,424.00,295.00,420.00
141383,540.00,425.00,297.00,421.00
142386,540.00,426.00,298.00,421.00
143388,540.00,426.00,298.00,421.00
144391,540.00,426.00,298.00,421.00
145393,540.00,425.00,297.00,421.00
146396,540.00,425.00,297.00,420.00
147398,540.00,425.00,297.00,420.00
148401,541.00,426.00,298.00,421.00
149403,542.00,427.00,300.00,422.00
150406,540.00,425.00,296.00,420.00
151408,540.00,425.00,297.00,420.00
152411,542.00,427.00,299.00,422.00
153413,543.00,428.00,301.00,424.00
154416,544.00,429.00,302.00,424.00
155418,542.00,427.00,299.00,422.00
156421,540.00,424.00,296.00,419.00
157423,542.00,426.00,297.00,421.00
158426,543.00,427.00,299.00,422.00
159428,542.00,427.00,298.00,422.00
160431,547.00,431.00,304.00,426.00
161433,543.00,427.00,299.00,422.00
162436,548.00,434.00,307.00,428.00
163438,550.00,436.00,310.00,431.00
164441,548.00,433.00,307.00,428.00
165443,549.00,434.00,307.00,429.00
166446,548.00,433.00,307.00,428.00
167448,549.00,434.00,308.00,429.00
168451,548.00,433.00,307.00,428.00
169453,549.00,435.00,308.00,429.00
170455,548.00,432.00,306.00,427.00
171457,543.00,426.00,297.00,420.00
172460,544.00,427.00,299.00,422.00
173462,545.00,428.00,299.00,422.00
174465,546.00,429.00,301.00,424.00
175467,546.00,429.00,300.00,423.00
176470,546.00,429.00,301.00,423.00
177472,546.00,429.00,300.00,423.00
178475,547.00,431.00,302.00,424.00
179477,548.00,432.00,303.00,426.00
180480,529.00,407.00,272.00,400.00
Measurement complete.