  MQ Gas Sensor Data Logger
Press the reset button to start measurements.
1009,526.00,437.00,279.00,432.00
2044,529.00,442.00,285.00,437.00
3047,531.00,444.00,288.00,439.00
4049,530.00,443.00,288.00,438.00
5051,524.00,436.00,279.00,432.00
6053,524.00,436.00,279.00,431.00
7056,524.00,436.00,280.00,432.00
8058,529.00,443.00,288.00,438.00
9061,528.00,441.00,287.00,437.00
10063,524.00,437.00,282.00,433.00
11066,525.00,438.00,283.00,434.00
12068,525.00,438.00,283.00,434.00
13071,520.00,432.00,276.00,428.00
14073,522.00,434.00,277.00,430.00
15076,523.00,435.00,279.00,431.00
16078,522.00,435.00,279.00,430.00
17080,525.00,437.00,281.00,433.00
18082,525.00,438.00,283.00,433.00
19085,524.00,438.00,282.00,433.00
20087,526.00,439.00,285.00,435.00
21090,526.00,439.00,284.00,434.00
22092,524.00,437.00,282.00,432.00
23095,523.00,436.00,281.00,432.00
24097,524.00,437.00,281.00,432.00
25100,524.00,437.00,282.00,432.00
26102,526.00,439.00,284.00,434.00
27105,526.00,440.00,286.00,435.00
28107,529.00,443.00,288.00,438.00
29110,531.00,445.00,292.00,440.00
30112,530.00,445.00,292.00,440.00
31115,531.00,445.00,292.00,440.00
32117,531.00,446.00,293.00,440.00
33119,531.00,446.00,294.00,441.00
34121,531.00,446.00,294.00,441.00
35124,532.00,448.00,297.00,442.00
36126,534.00,449.00,298.00,443.00
37129,534.00,450.00,300.00,445.00
38131,534.00,450.00,301.00,445.00
39134,531.00,446.00,295.00,440.00
40136,533.00,449.00,299.00,443.00
41139,534.00,450.00,301.00,444.00
42141,537.00,454.00,307.00,449.00
43144,541.00,459.00,313.00,453.00
44146,532.00,448.00,300.00,442.00
45149,520.00,433.00,278.00,427.00
46151,524.00,437.00,283.00,430.00
47154,518.00,429.00,270.00,423.00
48156,522.00,435.00,278.00,428.00
49158,519.00,432.00,274.00,425.00
50160,540.00,458.00,309.00,451.00
51163,531.00,446.00,294.00,440.00
52165,519.00,432.00,275.00,425.00
53168,520.00,433.00,275.00,426.00
54170,518.00,431.00,272.00,424.00
55173,518.00,430.00,271.00,423.00
56175,516.00,429.00,268.00,421.00
57178,515.00,427.00,266.00,419.00
58180,514.00,426.00,264.00,417.00
59183,516.00,427.00,263.00,419.00
60185,517.00,428.00,265.00,420.00
61188,516.00,427.00,263.00,419.00
62190,518.00,430.00,268.00,422.00
63193,516.00,428.00,264.00,419.00
64195,515.00,426.00,262.00,418.00
65197,515.00,426.00,262.00,418.00
66199,516.00,427.00,262.00,419.00
67202,517.00,428.00,264.00,420.00
68204,518.00,429.00,265.00,421.00
69207,518.00,429.00,266.00,421.00
70209,522.00,433.00,272.00,426.00
71212,517.00,428.00,264.00,420.00
72214,519.00,430.00,266.00,422.00
73217,524.00,436.00,275.00,429.00
74219,521.00,433.00,272.00,426.00
75222,521.00,433.00,271.00,425.00
76224,520.00,432.00,270.00,425.00
77227,520.00,431.00,270.00,424.00
78229,520.00,431.00,269.00,424.00
79232,520.00,432.00,270.00,424.00
80234,521.00,432.00,270.00,425.00
81235,520.00,432.00,270.00,424.00
82238,521.00,433.00,272.00,426.00
83240,523.00,435.00,275.00,428.00
84243,522.00,434.00,273.00,426.00
85245,518.00,429.00,267.00,422.00
86248,519.00,430.00,268.00,423.00
87250,522.00,434.00,273.00,426.00
88253,522.00,434.00,274.00,427.00
89255,531.00,445.00,289.00,438.00
90258,524.00,437.00,278.00,430.00
91260,523.00,435.00,276.00,428.00
92263,522.00,434.00,274.00,427.00
93265,522.00,435.00,276.00,427.00
94268,521.00,432.00,272.00,425.00
95270,520.00,432.00,271.00,424.00
96273,519.00,430.00,269.00,423.00
97274,518.00,430.00,269.00,422.00
98277,518.00,430.00,269.00,422.00
99279,519.00,431.00,270.00,422.00
100282,519.00,431.00,270.00,422.00
101284,520.00,432.00,270.00,423.00
102287,519.00,431.00,269.00,422.00
103289,519.00,431.00,269.00,422.00
104292,519.00,431.00,269.00,422.00
105294,519.00,431.00,269.00,422.00
106297,518.00,430.00,268.00,421.00
107299,519.00,431.00,269.00,422.00
108302,519.00,431.00,269.00,422.00
109304,519.00,431.00,269.00,422.00
110307,519.00,431.00,269.00,422.00
111309,520.00,432.00,271.00,424.00
112312,520.00,432.00,272.00,424.00
113314,523.00,435.00,275.00,426.00
114317,527.00,440.00,282.00,432.00
115319,533.00,448.00,292.00,440.00
116322,530.00,444.00,288.00,436.00
117324,527.00,441.00,284.00,433.00
118327,524.00,437.00,279.00,429.00
119329,524.00,437.00,278.00,428.00
120332,527.00,440.00,283.00,432.00
121334,526.00,439.00,281.00,430.00
122337,526.00,437.00,280.00,429.00
123339,523.00,435.00,275.00,426.00
124342,527.00,441.00,285.00,430.00
125344,527.00,440.00,283.00,431.00
126347,513.00,424.00,261.00,412.00
127349,520.00,432.00,271.00,423.00
128352,520.00,432.00,272.00,423.00
129354,519.00,431.00,270.00,421.00
130357,521.00,433.00,273.00,424.00
131359,533.00,448.00,293.00,439.00
132362,529.00,444.00,288.00,435.00
133363,529.00,445.00,291.00,436.00
134366,528.00,443.00,290.00,435.00
135368,530.00,446.00,294.00,437.00
136371,528.00,443.00,291.00,435.00
137373,520.00,434.00,278.00,425.00
138376,521.00,434.00,278.00,425.00
139378,521.00,435.00,279.00,426.00
140381,520.00,434.00,278.00,425.00
141383,521.00,434.00,278.00,425.00
142386,522.00,436.00,280.00,426.00
143388,523.00,437.00,281.00,427.00
144391,523.00,437.00,282.00,428.00
145393,523.00,437.00,282.00,428.00
146396,524.00,438.00,284.00,429.00
147398,531.00,446.00,295.00,437.00
148401,526.00,440.00,288.00,431.00
149403,525.00,439.00,286.00,430.00
150406,524.00,439.00,285.00,430.00
151408,524.00,439.00,285.00,430.00
152411,524.00,439.00,285.00,430.00
153413,524.00,439.00,285.00,429.00
154416,525.00,440.00,287.00,431.00
155418,525.00,440.00,287.00,431.00
156421,526.00,441.00,289.00,432.00
157423,529.00,444.00,293.00,434.00
158426,528.00,443.00,291.00,433.00
159428,527.00,442.00,291.00,433.00
160431,531.00,447.00,296.00,437.00
161433,525.00,440.00,286.00,430.00
162436,525.00,440.00,287.00,430.00
163438,523.00,436.00,282.00,426.00
164441,521.00,435.00,279.00,425.00
165443,522.00,436.00,280.00,425.00
166446,528.00,441.00,284.00,430.00
167448,527.00,440.00,284.00,430.00
168451,527.00,441.00,285.00,430.00
169453,531.00,446.00,292.00,435.00
170456,535.00,450.00,297.00,439.00
171458,538.00,455.00,305.00,445.00
172461,536.00,452.00,301.00,441.00
173463,532.00,447.00,294.00,436.00
174466,531.00,446.00,293.00,435.00
175467,529.00,444.00,290.00,433.00
176470,528.00,443.00,290.00,432.00
177472,525.00,439.00,284.00,428.00
178475,528.00,443.00,289.00,432.00
179477,526.00,441.00,286.00,430.00
180480,527.00,442.00,287.00,431.00
Measurement complete.