  MQ Gas Sensor Data Logger
Press the reset button to start measurements.
1009,336.00,538.00,138.00,303.00
2044,335.00,537.00,138.00,302.00
3047,335.00,537.00,137.00,302.00
4049,335.00,536.00,137.00,301.00
5051,335.00,536.00,136.00,300.00
6053,334.00,535.00,136.00,300.00
7056,335.00,535.00,136.00,299.00
8058,335.00,534.00,136.00,299.00
9061,335.00,534.00,136.00,299.00
10063,335.00,533.00,135.00,299.00
11066,335.00,532.00,135.00,299.00
12068,335.00,532.00,135.00,299.00
13071,335.00,531.00,135.00,299.00
14073,336.00,531.00,135.00,299.00
15075,336.00,531.00,136.00,299.00
16077,336.00,531.00,136.00,300.00
17080,337.00,531.00,136.00,300.00
18082,337.00,531.00,136.00,300.00
19085,337.00,531.00,136.00,300.00
20087,337.00,531.00,136.00,300.00
21090,337.00,531.00,136.00,300.00
22092,338.00,531.00,136.00,301.00
23095,338.00,531.00,136.00,301.00
24097,338.00,531.00,136.00,301.00
25100,338.00,531.00,136.00,301.00
26102,338.00,530.00,137.00,301.00
27105,338.00,530.00,137.00,301.00
28107,338.00,530.00,136.00,301.00
29109,339.00,530.00,136.00,301.00
30111,339.00,530.00,136.00,302.00
31114,339.00,530.00,137.00,302.00
32116,338.00,530.00,137.00,302.00
33119,338.00,529.00,136.00,302.00
34121,338.00,529.00,136.00,302.00
35124,338.00,528.00,136.00,302.00
36126,337.00,528.00,137.00,302.00
37129,337.00,527.00,136.00,302.00
38131,336.00,527.00,136.00,302.00
39134,336.00,526.00,136.00,302.00
40136,335.00,526.00,136.00,302.00
41139,335.00,526.00,136.00,302.00
42141,335.00,526.00,136.00,301.00
43144,334.00,526.00,136.00,301.00
44145,334.00,526.00,136.00,301.00
45148,334.00,526.00,136.00,301.00
46150,334.00,525.00,136.00,301.00
47153,333.00,525.00,136.00,301.00
48155,333.00,524.00,136.00,301.00
49158,333.00,523.00,136.00,301.00
50160,332.00,523.00,136.00,301.00
51163,332.00,523.00,136.00,301.00
52165,332.00,522.00,136.00,301.00
53168,332.00,522.00,136.00,301.00
54170,332.00,521.00,136.00,301.00
55173,332.00,521.00,136.00,301.00
56175,332.00,521.00,136.00,301.00
57178,331.00,521.00,135.00,301.00
58179,331.00,520.00,135.00,301.00
59182,331.00,520.00,135.00,301.00
60184,332.00,520.00,135.00,301.00
61187,332.00,520.00,135.00,301.00
62189,332.00,520.00,135.00,301.00
63192,332.00,520.00,135.00,301.00
64194,332.00,519.00,135.00,301.00
65197,332.00,519.00,135.00,301.00
66199,332.00,519.00,135.00,301.00
67202,331.00,518.00,135.00,301.00
68204,331.00,518.00,135.00,301.00
69207,331.00,517.00,135.00,300.00
70209,330.00,517.00,135.00,301.00
71212,330.00,517.00,135.00,300.00
72213,331.00,517.00,135.00,301.00
73216,330.00,516.00,135.00,300.00
74218,328.00,515.00,134.00,299.00
75220,328.00,514.00,134.00,298.00
76223,328.00,513.00,133.00,298.00
77225,328.00,514.00,133.00,298.00
78228,329.00,514.00,134.00,298.00
79230,329.00,514.00,134.00,299.00
80233,330.00,515.00,134.00,299.00
81235,331.00,515.00,134.00,299.00
82238,331.00,516.00,135.00,300.00
83240,331.00,516.00,135.00,300.00
84243,331.00,516.00,135.00,300.00
85245,331.00,516.00,135.00,300.00
86247,331.00,516.00,135.00,300.00
87249,332.00,516.00,135.00,300.00
88252,332.00,516.00,135.00,300.00
89254,331.00,516.00,135.00,300.00
90257,331.00,517.00,135.00,301.00
91259,331.00,517.00,135.00,300.00
92262,331.00,517.00,135.00,300.00
93264,331.00,517.00,135.00,300.00
94267,331.00,517.00,135.00,300.00
95269,331.00,517.00,135.00,300.00
96272,331.00,517.00,135.00,300.00
97274,331.00,517.00,135.00,300.00
98277,331.00,517.00,135.00,300.00
99279,331.00,517.00,134.00,300.00
100281,331.00,518.00,135.00,300.00
101283,331.00,518.00,134.00,300.00
102286,331.00,518.00,134.00,300.00
103288,331.00,518.00,134.00,300.00
104291,331.00,518.00,134.00,300.00
105293,331.00,518.00,134.00,300.00
106296,331.00,518.00,134.00,301.00
107298,331.00,517.00,134.00,301.00
108301,330.00,517.00,134.00,300.00
109303,330.00,517.00,134.00,300.00
110306,330.00,517.00,134.00,300.00
111308,330.00,517.00,134.00,300.00
112311,330.00,517.00,134.00,300.00
113313,330.00,517.00,133.00,300.00
114316,330.00,516.00,133.00,300.00
115318,330.00,516.00,133.00,300.00
116321,330.00,516.00,133.00,300.00
117323,330.00,516.00,133.00,300.00
118326,329.00,516.00,133.00,300.00
119328,329.00,515.00,133.00,300.00
120331,329.00,515.00,133.00,300.00
121333,329.00,515.00,133.00,300.00
122336,329.00,514.00,133.00,300.00
123338,329.00,514.00,133.00,300.00
124341,329.00,514.00,132.00,300.00
125343,329.00,514.00,133.00,300.00
126346,328.00,514.00,133.00,300.00
127348,328.00,514.00,132.00,300.00
128351,328.00,514.00,132.00,300.00
129353,328.00,513.00,132.00,300.00
130356,328.00,513.00,132.00,300.00
131358,328.00,513.00,132.00,300.00
132361,328.00,513.00,132.00,300.00
133363,328.00,513.00,132.00,300.00
134366,328.00,513.00,132.00,300.00
135368,327.00,512.00,132.00,300.00
136371,327.00,512.00,132.00,300.00
137373,327.00,512.00,132.00,299.00
138376,327.00,512.00,132.00,299.00
139378,327.00,511.00,132.00,299.00
140381,327.00,511.00,132.00,299.00
141382,326.00,511.00,132.00,299.00
142385,326.00,511.00,131.00,299.00
143387,326.00,510.00,131.00,299.00
144390,326.00,510.00,131.00,299.00
145392,326.00,510.00,131.00,299.00
146395,326.00,510.00,131.00,299.00
147397,326.00,510.00,131.00,299.00
148400,326.00,510.00,131.00,299.00
149402,326.00,509.00,131.00,299.00
150405,325.00,509.00,131.00,298.00
151407,325.00,509.00,131.00,298.00
152410,325.00,508.00,131.00,298.00
153412,325.00,508.00,131.00,298.00
154415,325.00,508.00,131.00,298.00
155417,325.00,508.00,131.00,298.00
156420,325.00,507.00,131.00,298.00
157422,325.00,507.00,131.00,298.00
158425,324.00,507.00,131.00,297.00
159427,324.00,507.00,131.00,297.00
160430,324.00,507.00,131.00,297.00
161432,324.00,506.00,131.00,297.00
162435,324.00,506.00,131.00,297.00
163437,324.00,506.00,131.00,297.00
164440,324.00,506.00,131.00,297.00
165442,324.00,506.00,131.00,297.00
166445,324.00,506.00,131.00,297.00
167447,324.00,506.00,131.00,296.00
168450,323.00,505.00,131.00,296.00
169452,323.00,505.00,130.00,296.00
170455,323.00,504.00,130.00,296.00
171457,323.00,504.00,130.00,296.00
172460,323.00,504.00,130.00,296.00
173462,323.00,504.00,130.00,295.00
174465,323.00,504.00,130.00,295.00
175467,322.00,503.00,130.00,295.00
176470,322.00,503.00,130.00,295.00
177472,322.00,503.00,130.00,295.00
178475,322.00,503.00,130.00,295.00
179477,322.00,503.00,130.00,295.00
180480,322.00,503.00,130.00,294.00
Measurement complete.