  MQ Gas Sensor Data Logger
Press the reset button to start measurements.
1009,206.00,346.00,86.00,164.00
2043,206.00,347.00,86.00,164.00
3046,206.00,347.00,86.00,164.00
4047,206.00,347.00,86.00,164.00
5050,207.00,347.00,85.00,163.00
6052,207.00,347.00,85.00,163.00
7055,207.00,347.00,85.00,163.00
8057,207.00,347.00,85.00,162.00
9060,207.00,347.00,85.00,162.00
10061,207.00,347.00,85.00,162.00
11064,207.00,347.00,85.00,162.00
12066,207.00,348.00,85.00,162.00
13069,207.00,348.00,85.00,162.00
14071,206.00,348.00,85.00,162.00
15074,206.00,347.00,85.00,162.00
16076,206.00,345.00,85.00,162.00
17079,205.00,342.00,86.00,163.00
18080,205.00,341.00,86.00,163.00
19083,205.00,341.00,86.00,164.00
20085,205.00,341.00,86.00,164.00
21088,205.00,342.00,86.00,164.00
22090,205.00,342.00,86.00,164.00
23093,205.00,342.00,86.00,164.00
24095,205.00,343.00,86.00,164.00
25098,205.00,343.00,87.00,164.00
26099,205.00,343.00,87.00,164.00
27102,205.00,343.00,87.00,164.00
28104,205.00,340.00,87.00,164.00
29107,205.00,339.00,87.00,163.00
30109,205.00,337.00,87.00,163.00
31112,204.00,336.00,87.00,163.00
32114,204.00,336.00,87.00,162.00
33117,203.00,336.00,87.00,162.00
34118,203.00,337.00,87.00,163.00
35121,203.00,337.00,87.00,163.00
36123,203.00,338.00,87.00,163.00
37126,203.00,339.00,87.00,163.00
38128,203.00,338.00,86.00,163.00
39131,203.00,336.00,86.00,163.00
40133,203.00,334.00,86.00,163.00
41136,202.00,333.00,86.00,162.00
42137,202.00,333.00,86.00,162.00
43140,201.00,333.00,86.00,162.00
44142,201.00,333.00,86.00,162.00
45145,201.00,332.00,86.00,162.00
46147,201.00,332.00,86.00,162.00
47150,201.00,332.00,86.00,162.00
48152,201.00,332.00,86.00,162.00
49155,201.00,333.00,86.00,162.00
50156,201.00,334.00,86.00,162.00
51159,202.00,334.00,86.00,162.00
52161,202.00,334.00,86.00,162.00
53164,202.00,333.00,86.00,162.00
54166,202.00,332.00,86.00,162.00
55169,201.00,332.00,86.00,162.00
56171,201.00,332.00,86.00,162.00
57172,201.00,333.00,86.00,162.00
58175,201.00,332.00,85.00,162.00
59177,201.00,331.00,85.00,161.00
60180,201.00,331.00,85.00,161.00
61182,201.00,332.00,85.00,161.00
62185,201.00,331.00,85.00,161.00
63187,201.00,331.00,85.00,161.00
64190,201.00,332.00,85.00,161.00
65191,201.00,331.00,85.00,161.00
66194,201.00,331.00,85.00,161.00
67196,201.00,330.00,85.00,161.00
68199,201.00,330.00,85.00,161.00
69201,201.00,330.00,85.00,161.00
70204,200.00,331.00,85.00,161.00
71206,200.00,331.00,85.00,161.00
72209,201.00,331.00,85.00,161.00
73210,201.00,332.00,85.00,160.00
74213,201.00,332.00,85.00,160.00
75215,201.00,332.00,85.00,160.00
76218,201.00,332.00,85.00,160.00
77220,201.00,332.00,85.00,160.00
78223,201.00,333.00,85.00,160.00
79225,201.00,333.00,85.00,160.00
80228,201.00,334.00,85.00,160.00
81229,202.00,334.00,85.00,159.00
82232,202.00,335.00,85.00,159.00
83234,202.00,336.00,86.00,159.00
84237,202.00,336.00,86.00,159.00
85239,202.00,336.00,85.00,159.00
86242,202.00,336.00,86.00,159.00
87244,202.00,335.00,86.00,159.00
88247,202.00,335.00,86.00,159.00
89248,202.00,335.00,86.00,159.00
90251,202.00,335.00,86.00,159.00
91253,202.00,335.00,85.00,159.00
92256,202.00,334.00,85.00,159.00
93258,202.00,334.00,85.00,159.00
94261,203.00,333.00,85.00,159.00
95263,203.00,333.00,85.00,158.00
96266,203.00,333.00,85.00,158.00
97267,203.00,333.00,85.00,158.00
98270,203.00,333.00,85.00,158.00
99272,203.00,332.00,85.00,158.00
100275,203.00,332.00,85.00,158.00
101277,203.00,332.00,85.00,158.00
102280,203.00,332.00,85.00,158.00
103282,203.00,333.00,85.00,157.00
104285,203.00,333.00,85.00,157.00
105287,203.00,332.00,84.00,157.00
106290,203.00,331.00,84.00,157.00
107292,203.00,331.00,84.00,157.00
108294,203.00,330.00,84.00,157.00
109296,203.00,330.00,84.00,157.00
110299,203.00,330.00,84.00,157.00
111301,203.00,330.00,84.00,157.00
112304,203.00,330.00,84.00,157.00
113306,203.00,330.00,84.00,157.00
114309,203.00,330.00,84.00,157.00
115311,203.00,330.00,84.00,157.00
116314,203.00,330.00,84.00,157.00
117316,203.00,330.00,84.00,157.00
118319,202.00,330.00,84.00,157.00
119321,202.00,330.00,84.00,156.00
120324,202.00,329.00,84.00,156.00
121325,202.00,328.00,83.00,156.00
122328,202.00,328.00,83.00,156.00
123330,202.00,328.00,84.00,156.00
124333,202.00,328.00,84.00,156.00
125335,202.00,328.00,84.00,156.00
126338,202.00,328.00,84.00,156.00
127340,201.00,329.00,84.00,156.00
128343,201.00,329.00,84.00,156.00
129345,201.00,329.00,84.00,156.00
130348,201.00,329.00,84.00,156.00
131350,201.00,330.00,84.00,156.00
132353,201.00,330.00,84.00,156.00
133354,201.00,330.00,84.00,156.00
134356,201.00,330.00,84.00,156.00
135359,201.00,330.00,84.00,156.00
136361,201.00,331.00,84.00,156.00
137364,201.00,331.00,84.00,156.00
138366,201.00,330.00,84.00,155.00
139369,201.00,330.00,84.00,155.00
140371,201.00,330.00,84.00,155.00
141374,201.00,330.00,84.00,155.00
142376,201.00,329.00,84.00,155.00
143379,200.00,327.00,84.00,155.00
144381,199.00,326.00,84.00,155.00
145384,199.00,326.00,84.00,155.00
146385,200.00,327.00,84.00,155.00
147388,200.00,326.00,84.00,155.00
148390,200.00,326.00,84.00,155.00
149393,200.00,326.00,84.00,155.00
150395,200.00,325.00,83.00,155.00
151398,199.00,324.00,83.00,154.00
152400,199.00,324.00,83.00,154.00
153403,200.00,324.00,83.00,154.00
154405,199.00,323.00,83.00,154.00
155408,199.00,323.00,83.00,154.00
156410,199.00,323.00,83.00,154.00
157413,199.00,322.00,83.00,154.00
158415,198.00,321.00,84.00,154.00
159417,198.00,321.00,84.00,154.00
160419,198.00,321.00,84.00,154.00
161422,197.00,321.00,84.00,154.00
162424,197.00,322.00,84.00,154.00
163427,197.00,323.00,84.00,154.00
164429,197.00,323.00,84.00,154.00
165432,197.00,321.00,84.00,154.00
166434,196.00,318.00,84.00,154.00
167437,195.00,317.00,84.00,154.00
168439,195.00,318.00,84.00,154.00
169442,195.00,318.00,84.00,154.00
170444,195.00,317.00,84.00,154.00
171446,194.00,316.00,83.00,154.00
172448,194.00,317.00,83.00,154.00
173451,194.00,320.00,83.00,154.00
174453,194.00,322.00,83.00,154.00
175456,194.00,324.00,83.00,154.00
176458,195.00,324.00,83.00,154.00
177461,196.00,324.00,83.00,154.00
178463,196.00,323.00,83.00,154.00
179466,196.00,323.00,83.00,154.00
180468,196.00,322.00,83.00,153.00
Measurement complete.