MQ Gas Sensor Data Logger
Press the reset button to start measurements.
1009,258.00,371.00,76.00,165.00
2043,259.00,374.00,76.00,166.00
3046,260.00,377.00,76.00,167.00
4047,260.00,381.00,77.00,168.00
5050,261.00,384.00,77.00,169.00
6052,262.00,387.00,77.00,169.00
7055,263.00,390.00,78.00,170.00
8057,264.00,393.00,78.00,171.00
9060,266.00,396.00,78.00,172.00
10061,267.00,399.00,79.00,173.00
11064,267.00,402.00,79.00,173.00
12066,268.00,404.00,80.00,174.00
13069,269.00,407.00,80.00,175.00
14071,270.00,410.00,80.00,176.00
15074,271.00,412.00,80.00,176.00
16076,272.00,414.00,81.00,177.00
17079,273.00,417.00,81.00,177.00
18081,274.00,419.00,82.00,178.00
19083,275.00,421.00,82.00,179.00
20085,276.00,423.00,82.00,180.00
21088,277.00,425.00,82.00,181.00
22090,278.00,426.00,83.00,181.00
23093,279.00,428.00,83.00,181.00
24095,279.00,429.00,83.00,182.00
25098,280.00,430.00,83.00,182.00
26100,281.00,432.00,83.00,182.00
27102,282.00,433.00,83.00,183.00
28104,283.00,434.00,84.00,184.00
29107,283.00,435.00,84.00,184.00
30109,284.00,436.00,84.00,185.00
31112,285.00,437.00,84.00,185.00
32114,286.00,438.00,85.00,186.00
33117,287.00,439.00,85.00,187.00
34119,288.00,441.00,86.00,188.00
35122,289.00,442.00,86.00,188.00
36123,290.00,443.00,86.00,189.00
37126,291.00,444.00,87.00,190.00
38128,292.00,445.00,87.00,190.00
39131,293.00,446.00,87.00,191.00
40133,294.00,447.00,87.00,191.00
41136,294.00,448.00,88.00,192.00
42138,295.00,449.00,88.00,193.00
43141,296.00,449.00,88.00,193.00
44142,296.00,450.00,88.00,194.00
45145,297.00,451.00,89.00,194.00
46147,298.00,452.00,89.00,195.00
47150,299.00,453.00,90.00,196.00
48152,299.00,453.00,90.00,196.00
49155,300.00,454.00,91.00,197.00
50157,301.00,455.00,91.00,198.00
51160,301.00,456.00,91.00,198.00
52161,302.00,457.00,91.00,199.00
53164,303.00,457.00,92.00,200.00
54166,303.00,458.00,92.00,200.00
55169,304.00,459.00,92.00,200.00
56171,305.00,459.00,92.00,201.00
57174,305.00,460.00,93.00,202.00
58176,306.00,461.00,93.00,202.00
59179,307.00,462.00,93.00,203.00
60181,307.00,462.00,93.00,203.00
61182,308.00,463.00,93.00,204.00
62185,309.00,463.00,93.00,204.00
63187,309.00,464.00,93.00,204.00
64190,310.00,465.00,93.00,205.00
65192,310.00,465.00,93.00,205.00
66195,310.00,466.00,94.00,205.00
67197,311.00,466.00,94.00,206.00
68200,311.00,467.00,94.00,206.00
69201,313.00,467.00,99.00,210.00
70204,314.00,468.00,99.00,210.00
71206,314.00,468.00,99.00,210.00
72209,315.00,468.00,100.00,210.00
73211,316.00,469.00,100.00,211.00
74214,317.00,469.00,100.00,211.00
75216,318.00,470.00,101.00,212.00
76219,319.00,470.00,101.00,212.00
77221,319.00,471.00,101.00,212.00
78224,320.00,472.00,101.00,212.00
79226,321.00,472.00,101.00,213.00
80229,321.00,473.00,102.00,213.00
81230,321.00,473.00,102.00,213.00
82233,322.00,473.00,102.00,213.00
83235,322.00,474.00,102.00,214.00
84238,323.00,474.00,102.00,214.00
85240,323.00,475.00,103.00,214.00
86243,324.00,475.00,103.00,215.00
87245,324.00,475.00,103.00,215.00
88248,325.00,476.00,104.00,215.00
89250,325.00,476.00,104.00,216.00
90253,325.00,476.00,104.00,216.00
91255,326.00,477.00,105.00,216.00
92258,326.00,477.00,105.00,217.00
93260,327.00,477.00,105.00,217.00
94262,327.00,478.00,105.00,217.00
95264,328.00,478.00,106.00,218.00
96267,329.00,478.00,106.00,218.00
97269,329.00,478.00,106.00,219.00
98272,330.00,479.00,106.00,219.00
99274,330.00,479.00,107.00,220.00
100277,330.00,479.00,107.00,220.00
101279,331.00,480.00,107.00,220.00
102282,331.00,480.00,107.00,221.00
103284,332.00,480.00,107.00,221.00
104287,332.00,481.00,108.00,222.00
105289,332.00,481.00,108.00,222.00
106292,333.00,481.00,108.00,222.00
107294,333.00,481.00,108.00,223.00
108297,333.00,480.00,109.00,224.00
109299,331.00,478.00,109.00,224.00
110302,329.00,476.00,109.00,224.00
111304,327.00,474.00,108.00,224.00
112307,325.00,472.00,108.00,225.00
113309,323.00,471.00,108.00,225.00
114312,322.00,469.00,107.00,225.00
115314,320.00,468.00,107.00,225.00
116316,320.00,466.00,107.00,225.00
117318,319.00,465.00,106.00,225.00
118321,318.00,464.00,106.00,225.00
119323,317.00,463.00,106.00,225.00
120326,317.00,462.00,106.00,225.00
121328,317.00,461.00,105.00,225.00
122331,316.00,460.00,105.00,225.00
123333,316.00,460.00,105.00,225.00
124336,315.00,459.00,105.00,225.00
125338,315.00,459.00,104.00,225.00
126341,315.00,458.00,104.00,225.00
127343,315.00,458.00,104.00,225.00
128346,314.00,458.00,104.00,225.00
129348,314.00,458.00,104.00,225.00
130351,314.00,458.00,104.00,225.00
131353,314.00,457.00,104.00,225.00
132356,314.00,457.00,104.00,225.00
133358,314.00,457.00,104.00,225.00
134361,314.00,457.00,104.00,225.00
135363,314.00,457.00,104.00,225.00
136366,314.00,457.00,104.00,225.00
137368,314.00,457.00,104.00,225.00
138371,314.00,457.00,105.00,225.00
139373,314.00,457.00,105.00,226.00
140376,314.00,457.00,105.00,226.00
141378,314.00,457.00,105.00,226.00
142381,314.00,458.00,105.00,226.00
143383,314.00,458.00,105.00,226.00
144386,314.00,458.00,105.00,227.00
145388,314.00,458.00,106.00,227.00
146391,314.00,458.00,106.00,227.00
147393,314.00,458.00,106.00,227.00
148395,315.00,458.00,106.00,228.00
149397,315.00,459.00,106.00,228.00
150400,315.00,459.00,107.00,228.00
151402,315.00,459.00,107.00,229.00
152404,315.00,459.00,107.00,229.00
153407,315.00,459.00,107.00,229.00
154409,315.00,459.00,107.00,230.00
155412,315.00,460.00,108.00,230.00
156414,315.00,460.00,108.00,231.00
157417,315.00,460.00,108.00,231.00
158419,315.00,461.00,108.00,232.00
159422,316.00,461.00,108.00,232.00
160424,316.00,461.00,108.00,232.00
161427,316.00,461.00,109.00,233.00
162429,316.00,462.00,109.00,233.00
163432,316.00,462.00,109.00,233.00
164434,317.00,462.00,109.00,234.00
165437,317.00,462.00,109.00,234.00
166439,317.00,462.00,110.00,235.00
167442,317.00,462.00,109.00,235.00
168444,318.00,463.00,110.00,235.00
169447,318.00,463.00,110.00,236.00
170449,318.00,463.00,110.00,236.00
171452,319.00,464.00,110.00,237.00
172454,319.00,464.00,111.00,237.00
173457,320.00,464.00,111.00,237.00
174459,320.00,465.00,111.00,238.00
175462,321.00,465.00,111.00,238.00
176464,321.00,466.00,111.00,239.00
177467,322.00,466.00,111.00,239.00
178469,322.00,467.00,111.00,239.00
179472,322.00,467.00,111.00,239.00
180473,323.00,468.00,111.00,240.00
Measurement complete.