   MQ Gas Sensor Data Logger
Press the reset button to start measurements.
1009,250.00,424.00,70.00,212.00
2043,249.00,423.00,70.00,212.00
3046,249.00,422.00,70.00,211.00
4047,248.00,422.00,69.00,212.00
5050,248.00,422.00,69.00,211.00
6052,248.00,421.00,70.00,211.00
7055,248.00,421.00,69.00,210.00
8057,248.00,421.00,70.00,210.00
9060,248.00,421.00,69.00,210.00
10061,248.00,420.00,70.00,210.00
11064,248.00,420.00,70.00,210.00
12066,248.00,420.00,70.00,210.00
13069,248.00,420.00,69.00,210.00
14071,248.00,420.00,70.00,210.00
15074,247.00,420.00,69.00,210.00
16076,247.00,420.00,70.00,210.00
17079,247.00,420.00,69.00,210.00
18080,247.00,420.00,69.00,210.00
19083,247.00,420.00,69.00,210.00
20085,248.00,420.00,69.00,209.00
21088,248.00,420.00,70.00,209.00
22090,248.00,420.00,70.00,209.00
23093,248.00,420.00,69.00,209.00
24095,248.00,421.00,70.00,209.00
25098,248.00,421.00,69.00,209.00
26099,248.00,421.00,70.00,209.00
27102,248.00,420.00,69.00,209.00
28104,248.00,420.00,69.00,209.00
29107,248.00,420.00,69.00,209.00
30109,248.00,420.00,70.00,209.00
31112,248.00,420.00,70.00,209.00
32114,248.00,420.00,69.00,209.00
33117,248.00,420.00,70.00,209.00
34118,247.00,420.00,69.00,209.00
35121,247.00,420.00,70.00,209.00
36123,247.00,420.00,70.00,209.00
37126,247.00,419.00,70.00,209.00
38128,247.00,419.00,69.00,209.00
39131,247.00,419.00,69.00,208.00
40133,247.00,419.00,69.00,208.00
41136,247.00,418.00,69.00,208.00
42137,247.00,419.00,69.00,208.00
43140,247.00,419.00,70.00,208.00
44142,247.00,419.00,70.00,208.00
45145,247.00,419.00,70.00,208.00
46147,247.00,419.00,70.00,208.00
47150,247.00,419.00,70.00,208.00
48152,247.00,419.00,70.00,208.00
49155,247.00,418.00,70.00,208.00
50156,248.00,418.00,70.00,208.00
51159,247.00,418.00,70.00,208.00
52161,247.00,418.00,70.00,208.00
53164,247.00,419.00,70.00,208.00
54166,247.00,419.00,70.00,208.00
55169,247.00,420.00,70.00,208.00
56171,247.00,420.00,70.00,208.00
57174,247.00,419.00,70.00,208.00
58175,247.00,419.00,70.00,208.00
59177,247.00,420.00,70.00,208.00
60180,247.00,420.00,70.00,208.00
61182,247.00,419.00,70.00,208.00
62185,247.00,418.00,70.00,208.00
63187,246.00,418.00,70.00,208.00
64190,246.00,419.00,70.00,208.00
65192,247.00,419.00,70.00,208.00
66194,247.00,419.00,69.00,207.00
67196,246.00,419.00,70.00,207.00
68199,247.00,418.00,70.00,208.00
69201,247.00,418.00,70.00,207.00
70204,247.00,419.00,70.00,207.00
71206,246.00,419.00,70.00,207.00
72209,247.00,418.00,70.00,207.00
73211,246.00,418.00,70.00,207.00
74213,247.00,418.00,70.00,207.00
75215,246.00,419.00,70.00,207.00
76218,246.00,419.00,69.00,207.00
77220,246.00,418.00,69.00,207.00
78223,246.00,418.00,69.00,207.00
79225,246.00,417.00,70.00,207.00
80228,245.00,417.00,70.00,206.00
81230,244.00,417.00,70.00,205.00
82232,244.00,416.00,70.00,205.00
83234,244.00,416.00,70.00,205.00
84237,244.00,415.00,70.00,204.00
85239,244.00,415.00,70.00,204.00
86242,244.00,415.00,70.00,204.00
87244,243.00,415.00,70.00,204.00
88247,243.00,415.00,70.00,204.00
89249,243.00,415.00,70.00,203.00
90251,243.00,414.00,70.00,203.00
91253,242.00,414.00,70.00,203.00
92256,242.00,414.00,70.00,202.00
93258,242.00,413.00,70.00,202.00
94261,242.00,413.00,70.00,202.00
95263,242.00,412.00,70.00,202.00
96266,242.00,412.00,70.00,202.00
97268,242.00,412.00,70.00,202.00
98270,242.00,412.00,70.00,202.00
99272,242.00,411.00,70.00,201.00
100275,242.00,411.00,69.00,201.00
101277,242.00,412.00,70.00,201.00
102280,242.00,411.00,69.00,201.00
103282,242.00,411.00,69.00,201.00
104285,242.00,411.00,70.00,201.00
105287,242.00,411.00,70.00,201.00
106290,242.00,411.00,70.00,201.00
107292,242.00,410.00,70.00,201.00
108295,242.00,409.00,70.00,201.00
109297,242.00,409.00,70.00,201.00
110299,242.00,409.00,70.00,201.00
111301,243.00,409.00,70.00,201.00
112304,243.00,409.00,70.00,201.00
113306,243.00,409.00,70.00,201.00
114309,243.00,409.00,70.00,201.00
115311,243.00,409.00,70.00,201.00
116314,243.00,409.00,70.00,201.00
117316,243.00,408.00,70.00,201.00
118319,243.00,408.00,70.00,201.00
119321,243.00,408.00,70.00,202.00
120324,243.00,408.00,71.00,201.00
121326,243.00,408.00,71.00,202.00
122328,243.00,408.00,71.00,202.00
123330,243.00,408.00,70.00,202.00
124333,243.00,408.00,71.00,202.00
125335,243.00,408.00,70.00,202.00
126338,243.00,408.00,71.00,201.00
127340,243.00,406.00,70.00,201.00
128343,243.00,406.00,71.00,202.00
129345,243.00,406.00,71.00,201.00
130348,243.00,406.00,71.00,201.00
131350,243.00,405.00,71.00,201.00
132353,243.00,405.00,71.00,201.00
133355,243.00,406.00,71.00,201.00
134358,243.00,406.00,71.00,201.00
135359,243.00,406.00,71.00,201.00
136361,243.00,406.00,71.00,201.00
137364,243.00,406.00,71.00,201.00
138366,243.00,406.00,71.00,201.00
139369,243.00,406.00,71.00,201.00
140371,243.00,406.00,71.00,201.00
141374,243.00,406.00,71.00,201.00
142376,243.00,406.00,71.00,201.00
143379,243.00,406.00,71.00,201.00
144381,243.00,406.00,71.00,201.00
145384,243.00,406.00,71.00,201.00
146386,243.00,405.00,71.00,201.00
147389,243.00,405.00,71.00,201.00
148390,243.00,405.00,71.00,201.00
149393,243.00,405.00,71.00,201.00
150395,243.00,405.00,71.00,201.00
151398,243.00,406.00,71.00,201.00
152400,243.00,406.00,71.00,201.00
153403,243.00,406.00,71.00,201.00
154405,243.00,404.00,71.00,201.00
155408,243.00,404.00,71.00,201.00
156410,243.00,404.00,71.00,201.00
157413,243.00,404.00,71.00,201.00
158415,243.00,404.00,71.00,201.00
159418,243.00,404.00,71.00,201.00
160419,243.00,404.00,71.00,201.00
161422,243.00,404.00,71.00,201.00
162424,243.00,403.00,71.00,201.00
163427,243.00,403.00,71.00,201.00
164429,243.00,403.00,71.00,201.00
165432,243.00,403.00,71.00,200.00
166434,243.00,403.00,71.00,200.00
167437,243.00,403.00,71.00,200.00
168439,243.00,403.00,71.00,200.00
169442,243.00,403.00,71.00,200.00
170444,243.00,403.00,71.00,200.00
171447,243.00,402.00,71.00,200.00
172449,243.00,403.00,71.00,200.00
173451,243.00,403.00,71.00,200.00
174453,243.00,403.00,71.00,200.00
175456,243.00,403.00,71.00,200.00
176458,243.00,403.00,71.00,200.00
177461,243.00,403.00,71.00,200.00
178463,243.00,403.00,71.00,200.00
179466,243.00,403.00,71.00,200.00
180468,243.00,403.00,71.00,200.00
Measurement complete.