MQ Gas Sensor Data Logger
Press the reset button to start measurements.
1009,379.00,498.00,138.00,294.00
2044,379.00,499.00,138.00,294.00
3047,379.00,499.00,138.00,295.00
4049,379.00,499.00,138.00,295.00
5051,379.00,499.00,138.00,295.00
6053,379.00,499.00,138.00,295.00
7056,379.00,499.00,139.00,296.00
8058,380.00,499.00,139.00,296.00
9061,380.00,499.00,139.00,296.00
10063,380.00,499.00,139.00,296.00
11066,380.00,499.00,139.00,296.00
12068,380.00,499.00,139.00,297.00
13071,380.00,500.00,139.00,297.00
14073,380.00,499.00,139.00,297.00
15075,380.00,500.00,139.00,297.00
16077,381.00,500.00,139.00,297.00
17080,381.00,500.00,139.00,298.00
18082,381.00,500.00,139.00,298.00
19085,381.00,500.00,139.00,298.00
20087,381.00,500.00,139.00,298.00
21090,381.00,500.00,139.00,298.00
22092,381.00,500.00,140.00,299.00
23095,381.00,500.00,139.00,299.00
24097,381.00,500.00,140.00,299.00
25100,381.00,500.00,140.00,299.00
26102,381.00,500.00,140.00,300.00
27105,381.00,500.00,139.00,300.00
28107,381.00,500.00,140.00,300.00
29109,382.00,501.00,139.00,300.00
30111,382.00,500.00,140.00,300.00
31114,382.00,500.00,140.00,300.00
32116,382.00,500.00,140.00,301.00
33119,382.00,500.00,140.00,301.00
34121,382.00,500.00,140.00,301.00
35124,382.00,500.00,140.00,301.00
36126,382.00,500.00,140.00,301.00
37129,382.00,500.00,140.00,301.00
38131,384.00,502.00,143.00,304.00
39134,384.00,502.00,143.00,304.00
40136,384.00,500.00,143.00,304.00
41139,382.00,499.00,142.00,304.00
42141,380.00,497.00,142.00,303.00
43144,376.00,494.00,139.00,301.00
44145,374.00,493.00,139.00,301.00
45148,372.00,492.00,138.00,300.00
46150,371.00,491.00,138.00,300.00
47153,370.00,489.00,137.00,299.00
48155,369.00,488.00,136.00,299.00
49158,368.00,488.00,136.00,298.00
50160,368.00,487.00,135.00,298.00
51163,367.00,486.00,135.00,297.00
52165,367.00,485.00,134.00,297.00
53168,366.00,485.00,134.00,296.00
54170,366.00,484.00,133.00,296.00
55173,366.00,484.00,133.00,295.00
56175,366.00,484.00,132.00,294.00
57178,366.00,483.00,132.00,294.00
58179,366.00,483.00,132.00,294.00
59182,366.00,483.00,132.00,293.00
60184,366.00,482.00,131.00,293.00
61187,366.00,483.00,131.00,292.00
62189,366.00,482.00,130.00,292.00
63192,366.00,482.00,130.00,291.00
64194,367.00,482.00,130.00,291.00
65197,367.00,482.00,130.00,291.00
66199,367.00,482.00,130.00,290.00
67202,367.00,482.00,129.00,290.00
68204,367.00,482.00,129.00,290.00
69207,367.00,482.00,129.00,289.00
70209,368.00,482.00,129.00,289.00
71212,368.00,482.00,129.00,289.00
72213,368.00,482.00,129.00,288.00
73216,368.00,482.00,128.00,288.00
74218,369.00,483.00,128.00,288.00
75220,369.00,483.00,128.00,288.00
76223,369.00,483.00,128.00,288.00
77225,369.00,483.00,128.00,287.00
78228,370.00,483.00,128.00,287.00
79230,370.00,483.00,128.00,287.00
80233,370.00,483.00,128.00,287.00
81235,370.00,483.00,128.00,286.00
82238,371.00,483.00,127.00,286.00
83240,371.00,483.00,127.00,286.00
84243,371.00,484.00,128.00,286.00
85245,372.00,484.00,127.00,286.00
86247,372.00,484.00,128.00,286.00
87249,372.00,484.00,127.00,286.00
88252,372.00,484.00,127.00,286.00
89254,373.00,484.00,127.00,286.00
90257,373.00,485.00,128.00,286.00
91259,373.00,485.00,127.00,285.00
92262,374.00,485.00,128.00,285.00
93264,374.00,485.00,127.00,285.00
94267,374.00,485.00,128.00,285.00
95269,375.00,486.00,128.00,285.00
96272,375.00,486.00,128.00,285.00
97274,375.00,486.00,127.00,285.00
98277,375.00,486.00,128.00,285.00
99279,376.00,486.00,128.00,285.00
100281,376.00,486.00,128.00,285.00
101283,376.00,486.00,128.00,285.00
102286,377.00,487.00,128.00,286.00
103288,377.00,487.00,128.00,285.00
104291,377.00,487.00,128.00,286.00
105293,377.00,487.00,128.00,286.00
106296,378.00,487.00,128.00,286.00
107298,378.00,487.00,128.00,286.00
108301,378.00,488.00,128.00,286.00
109303,378.00,488.00,128.00,286.00
110306,379.00,488.00,128.00,286.00
111308,379.00,488.00,128.00,286.00
112311,379.00,488.00,128.00,286.00
113313,379.00,489.00,128.00,286.00
114316,380.00,489.00,128.00,286.00
115318,380.00,489.00,128.00,286.00
116321,380.00,489.00,128.00,286.00
117323,381.00,489.00,129.00,287.00
118326,381.00,489.00,129.00,287.00
119328,381.00,490.00,129.00,287.00
120331,381.00,490.00,129.00,287.00
121333,382.00,490.00,129.00,287.00
122336,382.00,490.00,129.00,287.00
123338,382.00,490.00,129.00,287.00
124341,382.00,490.00,129.00,288.00
125343,382.00,491.00,129.00,288.00
126346,383.00,491.00,129.00,288.00
127348,383.00,491.00,130.00,288.00
128351,383.00,491.00,130.00,288.00
129353,384.00,491.00,130.00,288.00
130356,384.00,491.00,130.00,289.00
131358,384.00,492.00,130.00,289.00
132361,384.00,492.00,130.00,289.00
133363,385.00,492.00,130.00,289.00
134366,385.00,492.00,130.00,289.00
135368,385.00,492.00,130.00,289.00
136371,385.00,492.00,130.00,290.00
137373,386.00,493.00,130.00,290.00
138376,386.00,493.00,131.00,290.00
139377,386.00,493.00,131.00,290.00
140380,387.00,493.00,131.00,290.00
141382,386.00,493.00,130.00,290.00
142385,387.00,493.00,131.00,291.00
143387,387.00,493.00,131.00,291.00
144390,387.00,494.00,131.00,291.00
145392,388.00,494.00,131.00,291.00
146395,388.00,494.00,131.00,292.00
147397,388.00,494.00,131.00,292.00
148400,388.00,494.00,131.00,292.00
149402,388.00,494.00,131.00,292.00
150405,389.00,494.00,132.00,292.00
151407,389.00,494.00,132.00,292.00
152410,389.00,495.00,132.00,293.00
153412,389.00,495.00,132.00,293.00
154415,390.00,495.00,132.00,293.00
155417,390.00,495.00,132.00,293.00
156420,390.00,495.00,132.00,294.00
157422,390.00,495.00,132.00,294.00
158425,390.00,495.00,132.00,294.00
159427,391.00,495.00,132.00,294.00
160430,391.00,496.00,133.00,294.00
161432,391.00,496.00,133.00,295.00
162435,392.00,496.00,133.00,295.00
163437,392.00,496.00,133.00,295.00
164440,392.00,496.00,133.00,295.00
165442,392.00,496.00,133.00,295.00
166445,392.00,496.00,133.00,296.00
167447,392.00,496.00,133.00,296.00
168450,393.00,496.00,133.00,296.00
169452,393.00,497.00,133.00,296.00
170455,393.00,497.00,134.00,296.00
171457,393.00,497.00,133.00,297.00
172460,394.00,497.00,134.00,297.00
173462,394.00,497.00,134.00,297.00
174465,394.00,497.00,134.00,297.00
175467,394.00,497.00,134.00,298.00
176470,394.00,497.00,134.00,298.00
177472,395.00,498.00,134.00,298.00
178475,395.00,498.00,134.00,298.00
179477,395.00,498.00,135.00,298.00
180480,395.00,498.00,135.00,299.00
Measurement complete.