  MQ Gas Sensor Data Logger
Press the reset button to start measurements.
1009,274.00,472.00,71.00,247.00
2043,274.00,472.00,71.00,247.00
3046,273.00,472.00,71.00,246.00
4047,273.00,472.00,71.00,246.00
5050,273.00,472.00,71.00,246.00
6052,274.00,472.00,71.00,246.00
7055,274.00,472.00,72.00,246.00
8057,274.00,472.00,72.00,246.00
9060,274.00,472.00,72.00,247.00
10061,274.00,472.00,72.00,247.00
11064,274.00,472.00,72.00,247.00
12066,274.00,472.00,72.00,247.00
13069,275.00,472.00,73.00,247.00
14071,275.00,473.00,73.00,247.00
15074,275.00,473.00,73.00,247.00
16076,275.00,473.00,73.00,248.00
17079,276.00,473.00,73.00,248.00
18081,276.00,473.00,74.00,248.00
19083,276.00,473.00,74.00,248.00
20085,276.00,473.00,74.00,249.00
21088,276.00,473.00,74.00,249.00
22090,276.00,474.00,74.00,249.00
23093,276.00,474.00,75.00,250.00
24095,277.00,474.00,75.00,250.00
25098,277.00,474.00,75.00,250.00
26100,277.00,474.00,76.00,250.00
27102,277.00,474.00,76.00,250.00
28104,277.00,475.00,76.00,251.00
29107,277.00,475.00,77.00,251.00
30109,277.00,475.00,77.00,251.00
31112,278.00,475.00,77.00,251.00
32114,278.00,475.00,77.00,251.00
33117,278.00,475.00,77.00,252.00
34119,278.00,475.00,78.00,252.00
35122,278.00,475.00,78.00,252.00
36123,278.00,475.00,78.00,252.00
37126,278.00,475.00,78.00,252.00
38128,278.00,475.00,78.00,252.00
39131,278.00,475.00,79.00,252.00
40133,278.00,476.00,79.00,253.00
41136,278.00,476.00,79.00,253.00
42138,278.00,476.00,79.00,253.00
43141,279.00,476.00,79.00,253.00
44142,279.00,476.00,79.00,253.00
45145,279.00,477.00,79.00,253.00
46147,279.00,477.00,80.00,253.00
47150,279.00,477.00,80.00,254.00
48152,279.00,477.00,80.00,254.00
49155,279.00,477.00,80.00,254.00
50157,279.00,477.00,80.00,254.00
51160,279.00,477.00,80.00,254.00
52161,279.00,477.00,80.00,254.00
53164,279.00,477.00,81.00,254.00
54166,279.00,477.00,81.00,255.00
55169,279.00,477.00,81.00,255.00
56171,279.00,477.00,81.00,255.00
57174,280.00,478.00,81.00,256.00
58176,280.00,478.00,82.00,256.00
59179,280.00,478.00,82.00,256.00
60181,280.00,478.00,82.00,256.00
61182,280.00,477.00,82.00,257.00
62185,280.00,477.00,82.00,257.00
63187,280.00,477.00,83.00,257.00
64190,280.00,477.00,83.00,257.00
65192,280.00,477.00,83.00,257.00
66195,280.00,477.00,83.00,257.00
67197,280.00,477.00,83.00,257.00
68200,280.00,477.00,83.00,258.00
69202,280.00,477.00,83.00,258.00
70204,280.00,477.00,83.00,258.00
71206,280.00,477.00,83.00,258.00
72209,280.00,477.00,84.00,258.00
73211,280.00,478.00,84.00,258.00
74214,280.00,478.00,84.00,258.00
75216,280.00,478.00,84.00,258.00
76219,280.00,478.00,84.00,258.00
77221,280.00,478.00,84.00,258.00
78224,280.00,478.00,84.00,258.00
79225,279.00,477.00,84.00,258.00
80228,279.00,477.00,84.00,258.00
81230,279.00,477.00,84.00,258.00
82233,278.00,477.00,84.00,258.00
83235,278.00,477.00,84.00,259.00
84238,278.00,477.00,84.00,259.00
85240,278.00,477.00,84.00,259.00
86243,278.00,477.00,84.00,259.00
87245,278.00,477.00,84.00,259.00
88247,278.00,476.00,84.00,259.00
89249,278.00,476.00,84.00,259.00
90252,278.00,477.00,84.00,259.00
91254,277.00,476.00,84.00,259.00
92257,277.00,476.00,85.00,259.00
93259,277.00,476.00,84.00,259.00
94262,277.00,476.00,84.00,259.00
95264,277.00,476.00,84.00,259.00
96267,277.00,476.00,84.00,259.00
97268,278.00,476.00,85.00,259.00
98271,278.00,477.00,84.00,259.00
99273,278.00,477.00,84.00,259.00
100276,278.00,477.00,84.00,259.00
101278,278.00,477.00,85.00,259.00
102281,278.00,477.00,84.00,259.00
103283,278.00,477.00,84.00,258.00
104286,278.00,477.00,85.00,258.00
105288,278.00,477.00,85.00,259.00
106291,278.00,477.00,85.00,258.00
107293,278.00,477.00,84.00,258.00
108296,278.00,477.00,85.00,258.00
109298,278.00,477.00,85.00,258.00
110300,278.00,477.00,85.00,258.00
111302,278.00,477.00,85.00,258.00
112305,278.00,477.00,85.00,258.00
113307,278.00,477.00,85.00,258.00
114310,278.00,478.00,85.00,258.00
115312,278.00,478.00,85.00,258.00
116315,278.00,478.00,85.00,258.00
117317,278.00,478.00,85.00,258.00
118320,278.00,478.00,85.00,258.00
119322,278.00,478.00,85.00,258.00
120325,278.00,478.00,85.00,258.00
121327,278.00,479.00,85.00,259.00
122330,278.00,479.00,85.00,258.00
123332,278.00,479.00,85.00,258.00
124334,278.00,479.00,85.00,258.00
125336,278.00,479.00,85.00,258.00
126339,278.00,479.00,85.00,258.00
127341,278.00,479.00,85.00,258.00
128344,278.00,479.00,85.00,258.00
129346,278.00,479.00,85.00,258.00
130349,278.00,479.00,85.00,258.00
131351,278.00,479.00,85.00,258.00
132354,278.00,479.00,85.00,258.00
133356,278.00,479.00,85.00,258.00
134359,278.00,479.00,85.00,258.00
135361,278.00,479.00,85.00,258.00
136364,278.00,479.00,85.00,258.00
137366,278.00,479.00,85.00,258.00
138368,278.00,480.00,85.00,258.00
139370,278.00,480.00,85.00,258.00
140372,278.00,480.00,85.00,258.00
141375,278.00,480.00,85.00,258.00
142377,278.00,480.00,85.00,258.00
143380,278.00,480.00,85.00,258.00
144382,278.00,480.00,85.00,258.00
145385,278.00,481.00,85.00,258.00
146387,278.00,480.00,85.00,258.00
147390,278.00,480.00,85.00,258.00
148392,278.00,481.00,85.00,258.00
149395,278.00,481.00,85.00,258.00
150397,278.00,481.00,85.00,258.00
151400,278.00,481.00,85.00,258.00
152401,278.00,481.00,85.00,258.00
153404,278.00,481.00,85.00,258.00
154406,278.00,482.00,85.00,258.00
155409,278.00,481.00,85.00,257.00
156411,278.00,482.00,85.00,257.00
157414,278.00,482.00,85.00,258.00
158416,278.00,482.00,85.00,258.00
159419,278.00,482.00,85.00,257.00
160421,279.00,482.00,85.00,258.00
161424,279.00,483.00,86.00,258.00
162426,280.00,484.00,86.00,259.00
163429,280.00,484.00,86.00,260.00
164431,280.00,484.00,86.00,260.00
165434,281.00,484.00,87.00,260.00
166435,281.00,484.00,87.00,261.00
167438,281.00,484.00,87.00,261.00
168440,281.00,485.00,87.00,261.00
169443,281.00,485.00,87.00,262.00
170445,281.00,485.00,87.00,262.00
171448,281.00,485.00,88.00,262.00
172450,280.00,485.00,88.00,262.00
173453,280.00,485.00,88.00,262.00
174455,280.00,485.00,88.00,262.00
175458,280.00,485.00,88.00,263.00
176460,280.00,485.00,88.00,263.00
177463,280.00,485.00,88.00,263.00
178465,280.00,485.00,88.00,263.00
179468,280.00,485.00,88.00,263.00
180469,280.00,485.00,88.00,263.00
Measurement complete.