5 MQ Gas Sensor Data Logger
Press the reset button to start measurements.
1009,330.00,487.00,145.00,322.00
2044,331.00,488.00,146.00,326.00
3047,332.00,488.00,147.00,329.00
4049,334.00,488.00,147.00,332.00
5051,336.00,488.00,147.00,335.00
6053,340.00,488.00,148.00,338.00
7056,343.00,489.00,148.00,342.00
8058,344.00,489.00,148.00,344.00
9061,343.00,489.00,147.00,347.00
10063,342.00,488.00,147.00,350.00
11066,342.00,488.00,148.00,352.00
12068,343.00,487.00,149.00,354.00
13071,344.00,487.00,150.00,356.00
14073,346.00,486.00,151.00,358.00
15075,346.00,486.00,151.00,360.00
16077,347.00,485.00,152.00,362.00
17080,348.00,485.00,152.00,363.00
18082,348.00,485.00,152.00,365.00
19085,347.00,485.00,153.00,366.00
20087,348.00,485.00,153.00,367.00
21090,349.00,485.00,152.00,368.00
22092,350.00,485.00,152.00,370.00
23095,352.00,485.00,152.00,371.00
24097,354.00,486.00,152.00,372.00
25100,356.00,486.00,151.00,374.00
26102,357.00,486.00,151.00,375.00
27105,358.00,487.00,150.00,377.00
28107,358.00,487.00,150.00,378.00
29109,358.00,488.00,151.00,379.00
30111,356.00,487.00,152.00,379.00
31114,353.00,487.00,152.00,379.00
32116,352.00,487.00,152.00,380.00
33119,351.00,486.00,151.00,379.00
34121,348.00,485.00,151.00,378.00
35124,347.00,485.00,150.00,377.00
36126,347.00,485.00,151.00,377.00
37129,347.00,485.00,151.00,377.00
38131,347.00,485.00,151.00,376.00
39134,348.00,485.00,152.00,375.00
40136,347.00,485.00,152.00,375.00
41139,347.00,486.00,152.00,375.00
42141,347.00,486.00,152.00,375.00
43144,347.00,486.00,151.00,375.00
44145,345.00,486.00,150.00,376.00
45148,344.00,485.00,149.00,377.00
46150,343.00,485.00,148.00,378.00
47153,342.00,485.00,148.00,379.00
48155,342.00,484.00,148.00,380.00
49158,341.00,484.00,148.00,381.00
50160,343.00,484.00,148.00,381.00
51163,345.00,484.00,149.00,382.00
52165,345.00,484.00,149.00,383.00
53168,347.00,484.00,150.00,384.00
54170,347.00,484.00,149.00,385.00
55173,346.00,484.00,149.00,386.00
56175,345.00,484.00,149.00,387.00
57178,344.00,484.00,149.00,388.00
58179,342.00,483.00,148.00,389.00
59182,341.00,483.00,148.00,390.00
60184,342.00,483.00,147.00,391.00
61187,343.00,482.00,146.00,391.00
62189,344.00,482.00,146.00,393.00
63192,344.00,482.00,146.00,393.00
64194,345.00,482.00,146.00,394.00
65197,346.00,482.00,147.00,395.00
66199,347.00,482.00,147.00,396.00
67202,347.00,482.00,147.00,396.00
68204,346.00,482.00,147.00,397.00
69207,344.00,482.00,147.00,398.00
70209,342.00,482.00,147.00,398.00
71212,341.00,482.00,147.00,398.00
72213,343.00,481.00,147.00,399.00
73216,343.00,481.00,147.00,399.00
74218,341.00,480.00,148.00,399.00
75220,340.00,480.00,148.00,398.00
76223,338.00,479.00,148.00,398.00
77225,336.00,479.00,148.00,397.00
78228,335.00,478.00,149.00,396.00
79230,334.00,477.00,150.00,394.00
80233,334.00,477.00,150.00,392.00
81235,334.00,477.00,149.00,390.00
82238,334.00,477.00,149.00,389.00
83240,333.00,477.00,149.00,389.00
84243,334.00,477.00,149.00,389.00
85245,335.00,477.00,149.00,388.00
86247,335.00,477.00,150.00,388.00
87249,334.00,477.00,150.00,387.00
88252,333.00,477.00,149.00,387.00
89254,332.00,477.00,149.00,387.00
90257,331.00,476.00,149.00,387.00
91259,335.00,477.00,149.00,387.00
92262,339.00,478.00,150.00,387.00
93264,341.00,479.00,150.00,388.00
94267,342.00,479.00,149.00,388.00
95269,343.00,480.00,150.00,389.00
96272,342.00,479.00,150.00,389.00
97274,340.00,479.00,150.00,389.00
98277,339.00,478.00,150.00,390.00
99279,339.00,478.00,149.00,390.00
100281,340.00,478.00,148.00,391.00
101283,341.00,478.00,147.00,392.00
102286,343.00,478.00,146.00,393.00
103288,343.00,478.00,146.00,394.00
104291,344.00,478.00,145.00,395.00
105293,344.00,478.00,145.00,396.00
106296,345.00,478.00,145.00,397.00
107298,346.00,478.00,145.00,398.00
108301,347.00,478.00,145.00,399.00
109303,348.00,478.00,145.00,400.00
110306,350.00,479.00,146.00,401.00
111308,352.00,479.00,146.00,402.00
112311,352.00,480.00,146.00,402.00
113313,353.00,480.00,147.00,403.00
114316,353.00,480.00,147.00,404.00
115318,353.00,480.00,148.00,404.00
116321,353.00,480.00,148.00,404.00
117323,353.00,479.00,148.00,405.00
118326,354.00,479.00,148.00,405.00
119328,354.00,479.00,148.00,405.00
120331,354.00,479.00,149.00,406.00
121333,353.00,478.00,149.00,406.00
122336,354.00,478.00,149.00,406.00
123338,354.00,478.00,150.00,406.00
124341,353.00,478.00,151.00,406.00
125343,353.00,478.00,152.00,405.00
126346,354.00,478.00,153.00,405.00
127348,354.00,478.00,153.00,405.00
128351,354.00,478.00,152.00,404.00
129353,354.00,478.00,152.00,404.00
130356,354.00,479.00,152.00,404.00
131358,353.00,479.00,152.00,404.00
132361,353.00,479.00,152.00,404.00
133363,352.00,479.00,152.00,404.00
134366,352.00,479.00,153.00,404.00
135368,350.00,479.00,153.00,404.00
136371,347.00,478.00,153.00,404.00
137373,346.00,478.00,152.00,404.00
138376,346.00,478.00,152.00,404.00
139378,347.00,478.00,151.00,404.00
140381,348.00,478.00,151.00,404.00
141382,349.00,478.00,151.00,404.00
142385,349.00,478.00,150.00,404.00
143387,349.00,478.00,149.00,404.00
144390,349.00,478.00,149.00,405.00
145392,349.00,478.00,149.00,405.00
146395,349.00,479.00,148.00,405.00
147397,349.00,478.00,148.00,405.00
148400,349.00,478.00,148.00,406.00
149402,348.00,478.00,148.00,406.00
150405,347.00,478.00,147.00,406.00
151407,347.00,478.00,147.00,406.00
152410,347.00,478.00,146.00,406.00
153412,348.00,478.00,147.00,406.00
154415,349.00,478.00,147.00,407.00
155417,350.00,478.00,147.00,407.00
156420,350.00,478.00,147.00,408.00
157422,349.00,478.00,147.00,408.00
158425,349.00,479.00,147.00,408.00
159427,349.00,479.00,147.00,409.00
160430,348.00,479.00,146.00,409.00
161432,348.00,479.00,146.00,409.00
162435,348.00,478.00,146.00,410.00
163437,349.00,478.00,147.00,410.00
164440,351.00,479.00,147.00,410.00
165442,352.00,479.00,147.00,411.00
166445,353.00,480.00,147.00,412.00
167447,354.00,479.00,146.00,412.00
168450,353.00,479.00,145.00,412.00
169452,351.00,478.00,145.00,412.00
170455,349.00,478.00,146.00,412.00
171457,347.00,477.00,146.00,412.00
172460,347.00,477.00,146.00,412.00
173462,345.00,476.00,146.00,412.00
174465,344.00,476.00,145.00,412.00
175467,344.00,476.00,144.00,412.00
176470,345.00,476.00,144.00,412.00
177472,346.00,476.00,145.00,413.00
178475,348.00,476.00,146.00,413.00
179477,349.00,476.00,147.00,413.00
180480,350.00,477.00,148.00,414.00
Measurement complete.