MQ Gas Sensor Data Logger
Press the reset button to start measurements.
1009,436.00,523.00,161.00,357.00
2044,436.00,523.00,161.00,357.00
3047,436.00,523.00,161.00,357.00
4049,437.00,523.00,161.00,357.00
5051,437.00,523.00,161.00,356.00
6053,437.00,523.00,161.00,356.00
7056,437.00,523.00,161.00,357.00
8058,438.00,524.00,161.00,357.00
9061,438.00,524.00,161.00,357.00
10063,438.00,523.00,161.00,356.00
11066,438.00,524.00,161.00,357.00
12068,439.00,524.00,161.00,357.00
13071,439.00,524.00,161.00,357.00
14073,439.00,524.00,161.00,357.00
15075,439.00,524.00,161.00,357.00
16077,439.00,524.00,161.00,357.00
17080,440.00,524.00,163.00,358.00
18082,440.00,524.00,162.00,358.00
19085,441.00,524.00,162.00,358.00
20087,441.00,524.00,162.00,358.00
21090,441.00,524.00,163.00,358.00
22092,441.00,524.00,163.00,358.00
23095,441.00,524.00,163.00,358.00
24097,441.00,524.00,162.00,358.00
25100,441.00,524.00,162.00,358.00
26102,441.00,524.00,162.00,358.00
27105,442.00,524.00,162.00,358.00
28107,442.00,524.00,162.00,358.00
29109,442.00,524.00,162.00,358.00
30111,442.00,524.00,162.00,358.00
31114,442.00,524.00,162.00,358.00
32116,442.00,524.00,162.00,358.00
33119,442.00,524.00,162.00,358.00
34121,443.00,524.00,162.00,358.00
35124,442.00,524.00,162.00,358.00
36126,443.00,524.00,162.00,358.00
37129,443.00,524.00,162.00,358.00
38131,443.00,524.00,162.00,358.00
39134,443.00,524.00,162.00,358.00
40136,443.00,524.00,162.00,358.00
41139,443.00,524.00,162.00,358.00
42141,443.00,524.00,162.00,358.00
43144,444.00,525.00,163.00,359.00
44145,444.00,525.00,162.00,359.00
45148,444.00,524.00,162.00,358.00
46150,444.00,524.00,163.00,359.00
47153,444.00,525.00,163.00,359.00
48155,444.00,525.00,163.00,359.00
49158,444.00,525.00,163.00,359.00
50160,444.00,525.00,163.00,359.00
51163,444.00,524.00,163.00,359.00
52165,444.00,524.00,162.00,359.00
53168,444.00,524.00,163.00,359.00
54170,445.00,524.00,162.00,359.00
55173,445.00,524.00,163.00,359.00
56175,445.00,525.00,163.00,359.00
57178,445.00,525.00,163.00,359.00
58179,445.00,525.00,163.00,359.00
59182,445.00,525.00,163.00,359.00
60184,445.00,525.00,163.00,359.00
61187,445.00,525.00,163.00,360.00
62189,446.00,525.00,163.00,360.00
63192,446.00,525.00,164.00,360.00
64194,446.00,525.00,163.00,360.00
65197,446.00,525.00,163.00,360.00
66199,446.00,525.00,164.00,360.00
67202,446.00,525.00,164.00,360.00
68204,446.00,525.00,164.00,360.00
69207,446.00,525.00,163.00,360.00
70209,446.00,525.00,164.00,360.00
71212,447.00,525.00,164.00,360.00
72213,447.00,525.00,164.00,360.00
73216,447.00,525.00,163.00,360.00
74218,447.00,525.00,164.00,360.00
75220,447.00,525.00,164.00,360.00
76223,447.00,525.00,164.00,360.00
77225,447.00,525.00,164.00,360.00
78228,447.00,525.00,164.00,361.00
79230,447.00,525.00,164.00,360.00
80233,447.00,525.00,164.00,361.00
81235,448.00,525.00,164.00,361.00
82238,448.00,525.00,164.00,361.00
83240,448.00,525.00,164.00,361.00
84243,448.00,525.00,164.00,361.00
85245,448.00,526.00,164.00,361.00
86247,448.00,526.00,164.00,361.00
87249,448.00,526.00,164.00,361.00
88252,448.00,526.00,164.00,361.00
89254,448.00,526.00,165.00,362.00
90257,449.00,526.00,165.00,362.00
91259,448.00,526.00,164.00,361.00
92262,449.00,526.00,165.00,362.00
93264,449.00,526.00,165.00,362.00
94267,449.00,526.00,165.00,362.00
95269,449.00,526.00,165.00,362.00
96272,449.00,526.00,164.00,362.00
97274,449.00,525.00,164.00,361.00
98277,449.00,526.00,164.00,361.00
99279,449.00,525.00,164.00,361.00
100281,449.00,526.00,164.00,362.00
101283,449.00,526.00,164.00,362.00
102286,449.00,526.00,165.00,362.00
103288,449.00,526.00,164.00,362.00
104291,449.00,526.00,164.00,362.00
105293,449.00,526.00,165.00,362.00
106296,449.00,526.00,165.00,362.00
107298,450.00,526.00,165.00,362.00
108301,450.00,526.00,165.00,362.00
109303,450.00,526.00,165.00,362.00
110306,450.00,526.00,165.00,362.00
111308,450.00,526.00,165.00,362.00
112311,450.00,526.00,165.00,363.00
113313,450.00,526.00,165.00,363.00
114316,450.00,526.00,165.00,363.00
115318,450.00,526.00,165.00,363.00
116321,450.00,526.00,166.00,363.00
117323,450.00,526.00,165.00,363.00
118326,450.00,526.00,165.00,363.00
119328,450.00,526.00,165.00,363.00
120331,451.00,526.00,165.00,363.00
121333,451.00,526.00,165.00,363.00
122336,451.00,526.00,165.00,363.00
123338,451.00,526.00,165.00,363.00
124341,451.00,526.00,165.00,363.00
125343,451.00,526.00,165.00,363.00
126346,451.00,526.00,165.00,363.00
127348,451.00,526.00,165.00,363.00
128351,451.00,526.00,165.00,363.00
129353,451.00,526.00,165.00,363.00
130356,452.00,526.00,166.00,363.00
131358,452.00,526.00,165.00,363.00
132361,452.00,526.00,165.00,363.00
133363,452.00,526.00,166.00,364.00
134366,452.00,526.00,166.00,364.00
135368,452.00,526.00,166.00,364.00
136371,452.00,526.00,166.00,364.00
137373,453.00,527.00,166.00,364.00
138376,453.00,527.00,166.00,364.00
139377,453.00,527.00,166.00,364.00
140380,453.00,527.00,166.00,364.00
141382,453.00,526.00,166.00,364.00
142385,453.00,526.00,166.00,364.00
143387,453.00,526.00,166.00,364.00
144390,453.00,526.00,166.00,364.00
145392,453.00,527.00,166.00,364.00
146395,453.00,526.00,166.00,364.00
147397,453.00,526.00,166.00,364.00
148400,453.00,526.00,165.00,363.00
149402,453.00,526.00,165.00,364.00
150405,453.00,526.00,165.00,364.00
151407,453.00,526.00,165.00,364.00
152410,454.00,526.00,165.00,364.00
153412,454.00,526.00,165.00,364.00
154415,454.00,526.00,165.00,364.00
155417,454.00,526.00,166.00,364.00
156420,454.00,527.00,166.00,364.00
157422,454.00,526.00,166.00,364.00
158425,454.00,526.00,166.00,364.00
159427,454.00,526.00,165.00,364.00
160430,454.00,527.00,166.00,364.00
161432,454.00,526.00,166.00,364.00
162435,454.00,526.00,165.00,364.00
163437,454.00,526.00,166.00,364.00
164440,454.00,527.00,166.00,364.00
165442,454.00,527.00,166.00,364.00
166445,455.00,527.00,166.00,364.00
167447,455.00,527.00,166.00,364.00
168450,455.00,527.00,166.00,364.00
169452,455.00,527.00,166.00,364.00
170455,455.00,527.00,166.00,365.00
171457,455.00,527.00,166.00,364.00
172460,455.00,527.00,166.00,364.00
173462,455.00,527.00,166.00,364.00
174465,455.00,527.00,166.00,364.00
175467,455.00,527.00,166.00,364.00
176470,455.00,527.00,166.00,364.00
177472,455.00,527.00,166.00,364.00
178475,456.00,527.00,166.00,365.00
179476,456.00,527.00,166.00,365.00
180478,456.00,527.00,166.00,365.00
Measurement complete.