MQ Gas Sensor Data Logger
Press the reset button to start measurements.
1009,414.00,506.00,144.00,320.00
2044,414.00,506.00,144.00,321.00
3047,414.00,507.00,144.00,321.00
4049,415.00,507.00,144.00,321.00
5051,415.00,507.00,144.00,321.00
6053,415.00,507.00,144.00,321.00
7056,415.00,507.00,144.00,322.00
8058,415.00,507.00,144.00,321.00
9061,415.00,507.00,144.00,322.00
10063,416.00,507.00,144.00,322.00
11066,416.00,507.00,144.00,322.00
12068,416.00,507.00,144.00,322.00
13071,416.00,507.00,144.00,322.00
14073,416.00,507.00,144.00,322.00
15075,416.00,507.00,144.00,323.00
16077,416.00,507.00,144.00,323.00
17080,417.00,507.00,144.00,323.00
18082,417.00,507.00,144.00,323.00
19085,417.00,507.00,145.00,323.00
20087,417.00,507.00,145.00,324.00
21090,417.00,508.00,145.00,324.00
22092,417.00,507.00,145.00,324.00
23095,417.00,508.00,145.00,324.00
24097,418.00,507.00,145.00,324.00
25100,418.00,508.00,145.00,324.00
26102,418.00,507.00,145.00,324.00
27105,418.00,508.00,145.00,325.00
28107,418.00,508.00,145.00,325.00
29109,418.00,508.00,145.00,325.00
30111,418.00,508.00,145.00,325.00
31114,418.00,508.00,145.00,325.00
32116,418.00,508.00,145.00,325.00
33119,419.00,508.00,145.00,326.00
34121,419.00,508.00,145.00,326.00
35124,419.00,508.00,145.00,326.00
36126,419.00,508.00,145.00,326.00
37129,419.00,508.00,145.00,326.00
38131,419.00,508.00,146.00,326.00
39134,419.00,508.00,145.00,326.00
40136,420.00,508.00,146.00,327.00
41139,420.00,508.00,146.00,327.00
42141,420.00,508.00,146.00,327.00
43144,420.00,508.00,146.00,327.00
44145,420.00,509.00,146.00,328.00
45148,420.00,508.00,146.00,327.00
46150,420.00,509.00,146.00,328.00
47153,420.00,508.00,146.00,328.00
48155,421.00,509.00,146.00,328.00
49158,421.00,509.00,146.00,328.00
50160,421.00,509.00,146.00,328.00
51163,421.00,509.00,146.00,328.00
52165,421.00,509.00,146.00,328.00
53168,421.00,509.00,146.00,329.00
54170,421.00,509.00,146.00,329.00
55173,421.00,509.00,146.00,329.00
56175,422.00,509.00,146.00,329.00
57178,422.00,509.00,147.00,329.00
58179,422.00,509.00,147.00,329.00
59182,422.00,509.00,147.00,329.00
60184,422.00,509.00,147.00,330.00
61187,422.00,509.00,147.00,330.00
62189,422.00,509.00,147.00,330.00
63192,423.00,509.00,147.00,330.00
64194,423.00,509.00,147.00,330.00
65197,423.00,509.00,147.00,330.00
66199,423.00,509.00,147.00,330.00
67202,423.00,509.00,147.00,330.00
68204,423.00,509.00,147.00,330.00
69207,423.00,509.00,147.00,330.00
70209,423.00,509.00,147.00,331.00
71212,423.00,510.00,147.00,331.00
72213,423.00,510.00,147.00,331.00
73216,423.00,510.00,147.00,331.00
74218,423.00,510.00,147.00,331.00
75220,424.00,510.00,147.00,331.00
76223,424.00,510.00,147.00,331.00
77225,424.00,510.00,147.00,331.00
78228,424.00,510.00,148.00,332.00
79230,424.00,510.00,148.00,332.00
80233,424.00,510.00,147.00,332.00
81235,424.00,510.00,148.00,332.00
82238,424.00,510.00,148.00,332.00
83240,424.00,510.00,148.00,332.00
84243,425.00,510.00,148.00,332.00
85245,425.00,510.00,148.00,332.00
86247,425.00,510.00,148.00,332.00
87249,425.00,510.00,148.00,332.00
88252,425.00,510.00,148.00,333.00
89254,425.00,510.00,148.00,333.00
90257,425.00,510.00,148.00,333.00
91259,425.00,510.00,148.00,333.00
92262,425.00,510.00,148.00,333.00
93264,425.00,510.00,148.00,333.00
94267,425.00,510.00,148.00,333.00
95269,425.00,510.00,148.00,333.00
96272,426.00,510.00,148.00,333.00
97274,426.00,510.00,148.00,333.00
98277,426.00,510.00,148.00,334.00
99279,426.00,510.00,148.00,334.00
100281,426.00,510.00,148.00,334.00
101283,426.00,510.00,148.00,334.00
102286,426.00,510.00,148.00,334.00
103288,426.00,510.00,148.00,334.00
104291,426.00,510.00,148.00,334.00
105293,426.00,510.00,148.00,334.00
106296,426.00,510.00,148.00,334.00
107298,426.00,510.00,148.00,334.00
108301,426.00,510.00,148.00,334.00
109303,426.00,510.00,148.00,334.00
110306,426.00,510.00,148.00,334.00
111308,426.00,510.00,148.00,334.00
112311,426.00,510.00,148.00,335.00
113313,426.00,511.00,148.00,335.00
114316,426.00,511.00,148.00,335.00
115318,427.00,510.00,148.00,335.00
116321,427.00,511.00,149.00,335.00
117323,427.00,511.00,149.00,335.00
118326,427.00,511.00,149.00,335.00
119328,427.00,511.00,149.00,335.00
120331,427.00,511.00,149.00,335.00
121333,427.00,511.00,149.00,336.00
122336,427.00,511.00,149.00,336.00
123338,427.00,511.00,149.00,336.00
124341,427.00,511.00,149.00,336.00
125343,427.00,511.00,149.00,336.00
126346,427.00,511.00,149.00,336.00
127348,428.00,511.00,149.00,336.00
128351,428.00,511.00,149.00,337.00
129353,428.00,511.00,149.00,337.00
130356,428.00,512.00,149.00,337.00
131358,428.00,512.00,149.00,337.00
132361,428.00,512.00,149.00,337.00
133363,428.00,511.00,149.00,337.00
134366,428.00,511.00,149.00,337.00
135368,428.00,511.00,149.00,337.00
136371,428.00,512.00,150.00,338.00
137373,428.00,512.00,150.00,338.00
138376,428.00,512.00,150.00,338.00
139378,429.00,512.00,150.00,338.00
140381,429.00,512.00,150.00,338.00
141382,429.00,512.00,150.00,338.00
142385,429.00,512.00,150.00,338.00
143387,429.00,512.00,150.00,338.00
144390,429.00,512.00,150.00,339.00
145392,429.00,512.00,150.00,339.00
146395,429.00,512.00,150.00,339.00
147397,429.00,512.00,150.00,339.00
148400,429.00,512.00,150.00,339.00
149402,429.00,512.00,150.00,339.00
150405,429.00,512.00,150.00,339.00
151407,430.00,512.00,151.00,339.00
152410,430.00,512.00,151.00,339.00
153412,430.00,512.00,151.00,339.00
154415,430.00,512.00,151.00,339.00
155417,430.00,512.00,151.00,340.00
156420,430.00,512.00,151.00,340.00
157422,430.00,512.00,151.00,340.00
158425,430.00,512.00,151.00,340.00
159427,430.00,513.00,151.00,340.00
160430,430.00,513.00,151.00,340.00
161432,430.00,513.00,151.00,340.00
162435,430.00,513.00,151.00,340.00
163437,430.00,513.00,151.00,340.00
164440,431.00,513.00,151.00,341.00
165442,431.00,514.00,152.00,342.00
166445,432.00,514.00,152.00,342.00
167447,432.00,515.00,152.00,343.00
168450,433.00,515.00,153.00,344.00
169452,433.00,515.00,154.00,345.00
170455,433.00,515.00,153.00,345.00
171457,433.00,516.00,153.00,345.00
172460,433.00,516.00,154.00,346.00
173462,433.00,516.00,154.00,346.00
174465,433.00,517.00,154.00,347.00
175467,433.00,516.00,154.00,347.00
176470,433.00,517.00,154.00,347.00
177472,433.00,517.00,154.00,347.00
178475,433.00,517.00,155.00,348.00
179477,433.00,517.00,154.00,348.00
180480,433.00,517.00,155.00,348.00
Measurement complete.