 f `MQ Gas Sensor Data Logger
Press the reset button to start measurements.
1009,482.00,623.00,276.00,488.00
2044,479.00,623.00,275.00,487.00
3047,477.00,623.00,273.00,486.00
4049,475.00,622.00,272.00,485.00
5051,472.00,621.00,271.00,484.00
6053,470.00,621.00,270.00,482.00
7056,468.00,620.00,269.00,481.00
8058,466.00,620.00,268.00,479.00
9061,464.00,619.00,266.00,478.00
10063,462.00,617.00,264.00,476.00
11066,460.00,616.00,262.00,474.00
12068,457.00,615.00,260.00,471.00
13071,454.00,614.00,258.00,469.00
14073,452.00,614.00,256.00,467.00
15076,451.00,613.00,254.00,466.00
16078,450.00,613.00,253.00,464.00
17080,449.00,612.00,252.00,463.00
18082,447.00,611.00,251.00,461.00
19085,446.00,611.00,249.00,459.00
20087,444.00,610.00,248.00,457.00
21090,443.00,609.00,247.00,456.00
22092,441.00,608.00,246.00,454.00
23095,439.00,607.00,245.00,453.00
24097,437.00,606.00,244.00,452.00
25100,435.00,605.00,243.00,450.00
26102,432.00,604.00,241.00,448.00
27105,431.00,604.00,240.00,446.00
28107,429.00,603.00,239.00,443.00
29110,428.00,602.00,237.00,441.00
30112,426.00,601.00,236.00,439.00
31114,423.00,600.00,235.00,438.00
32116,421.00,599.00,234.00,437.00
33119,419.00,599.00,233.00,436.00
34121,417.00,597.00,232.00,435.00
35124,415.00,595.00,231.00,434.00
36126,413.00,594.00,230.00,432.00
37129,411.00,592.00,229.00,431.00
38131,409.00,591.00,228.00,429.00
39134,408.00,591.00,227.00,428.00
40136,407.00,590.00,226.00,426.00
41139,406.00,590.00,224.00,425.00
42141,405.00,589.00,223.00,423.00
43144,403.00,588.00,222.00,422.00
44146,402.00,587.00,221.00,420.00
45148,401.00,586.00,220.00,418.00
46150,398.00,585.00,219.00,417.00
47153,397.00,583.00,218.00,415.00
48155,395.00,583.00,217.00,414.00
49158,393.00,581.00,216.00,413.00
50160,391.00,580.00,215.00,411.00
51163,390.00,580.00,214.00,410.00
52165,388.00,580.00,213.00,409.00
53168,387.00,580.00,212.00,407.00
54170,386.00,579.00,211.00,406.00
55173,386.00,578.00,210.00,405.00
56175,386.00,577.00,209.00,404.00
57178,385.00,576.00,209.00,403.00
58180,384.00,574.00,208.00,401.00
59182,383.00,573.00,207.00,399.00
60184,381.00,573.00,206.00,398.00
61187,380.00,572.00,205.00,396.00
62189,380.00,573.00,205.00,395.00
63192,378.00,573.00,204.00,394.00
64194,378.00,573.00,204.00,394.00
65197,377.00,573.00,203.00,393.00
66199,376.00,572.00,203.00,392.00
67202,374.00,572.00,202.00,391.00
68204,373.00,571.00,201.00,390.00
69207,373.00,570.00,201.00,389.00
70209,372.00,571.00,200.00,388.00
71212,372.00,572.00,199.00,387.00
72214,372.00,571.00,198.00,386.00
73216,371.00,570.00,198.00,385.00
74218,370.00,567.00,198.00,384.00
75220,368.00,566.00,197.00,383.00
76223,366.00,566.00,197.00,382.00
77225,366.00,565.00,196.00,381.00
78228,365.00,565.00,195.00,380.00
79230,364.00,565.00,195.00,379.00
80233,364.00,565.00,194.00,379.00
81235,363.00,566.00,193.00,378.00
82238,362.00,566.00,193.00,377.00
83240,361.00,565.00,192.00,376.00
84243,360.00,564.00,192.00,375.00
85245,360.00,562.00,191.00,374.00
86248,359.00,561.00,190.00,373.00
87249,358.00,560.00,189.00,373.00
88252,357.00,562.00,189.00,372.00
89254,357.00,563.00,188.00,371.00
90257,357.00,563.00,188.00,371.00
91259,357.00,562.00,188.00,371.00
92262,356.00,560.00,187.00,370.00
93264,355.00,559.00,187.00,369.00
94267,355.00,559.00,187.00,369.00
95269,354.00,559.00,186.00,368.00
96272,354.00,557.00,186.00,367.00
97274,353.00,556.00,185.00,366.00
98277,352.00,555.00,185.00,365.00
99279,351.00,554.00,184.00,364.00
100282,350.00,553.00,184.00,363.00
101284,350.00,552.00,183.00,362.00
102287,350.00,551.00,183.00,362.00
103288,349.00,550.00,182.00,361.00
104291,348.00,549.00,182.00,360.00
105293,348.00,548.00,181.00,359.00
106296,348.00,547.00,180.00,358.00
107298,347.00,547.00,180.00,357.00
108301,345.00,547.00,179.00,357.00
109303,345.00,547.00,179.00,357.00
110306,344.00,546.00,178.00,356.00
111308,344.00,545.00,178.00,355.00
112311,343.00,544.00,178.00,355.00
113313,342.00,543.00,177.00,354.00
114316,341.00,542.00,176.00,353.00
115318,341.00,540.00,176.00,352.00
116321,340.00,540.00,175.00,352.00
117323,339.00,538.00,175.00,351.00
118326,339.00,537.00,174.00,350.00
119328,338.00,537.00,174.00,349.00
120331,337.00,536.00,173.00,349.00
121333,336.00,536.00,173.00,348.00
122336,335.00,537.00,172.00,347.00
123338,335.00,537.00,172.00,347.00
124341,335.00,536.00,171.00,346.00
125343,336.00,535.00,171.00,345.00
126346,335.00,535.00,171.00,345.00
127348,334.00,534.00,170.00,344.00
128351,334.00,532.00,170.00,343.00
129353,334.00,531.00,169.00,342.00
130356,332.00,531.00,169.00,341.00
131358,331.00,531.00,168.00,340.00
132361,331.00,531.00,168.00,339.00
133363,331.00,531.00,167.00,339.00
134366,330.00,531.00,167.00,338.00
135368,329.00,530.00,167.00,337.00
136371,329.00,530.00,166.00,337.00
137373,329.00,531.00,166.00,336.00
138376,328.00,531.00,166.00,336.00
139378,328.00,530.00,166.00,335.00
140381,328.00,530.00,165.00,335.00
141383,328.00,530.00,165.00,334.00
142386,327.00,530.00,164.00,334.00
143387,327.00,530.00,164.00,333.00
144390,327.00,530.00,164.00,333.00
145392,327.00,529.00,164.00,332.00
146395,326.00,528.00,163.00,332.00
147397,325.00,529.00,163.00,331.00
148400,326.00,528.00,163.00,331.00
149402,326.00,528.00,162.00,330.00
150405,325.00,528.00,162.00,330.00
151407,324.00,528.00,162.00,329.00
152410,323.00,528.00,161.00,329.00
153412,323.00,529.00,161.00,328.00
154415,323.00,529.00,160.00,328.00
155417,323.00,528.00,160.00,327.00
156420,322.00,527.00,160.00,327.00
157422,322.00,528.00,160.00,327.00
158425,322.00,527.00,159.00,326.00
159427,321.00,526.00,159.00,326.00
160430,320.00,524.00,159.00,325.00
161432,319.00,523.00,159.00,325.00
162435,318.00,522.00,159.00,324.00
163437,318.00,521.00,158.00,324.00
164440,318.00,519.00,158.00,323.00
165442,318.00,519.00,157.00,323.00
166445,317.00,518.00,157.00,322.00
167447,316.00,517.00,156.00,321.00
168450,315.00,515.00,156.00,321.00
169452,315.00,515.00,155.00,320.00
170455,315.00,518.00,155.00,319.00
171457,315.00,519.00,155.00,319.00
172460,315.00,520.00,155.00,318.00
173462,315.00,519.00,155.00,318.00
174465,316.00,517.00,156.00,318.00
175467,317.00,516.00,156.00,318.00
176470,317.00,515.00,156.00,318.00
177472,316.00,515.00,157.00,319.00
178475,316.00,514.00,157.00,318.00
179477,315.00,514.00,157.00,318.00
180480,315.00,513.00,157.00,318.00
Measurement complete.