MQ Gas Sensor Data Logger
Press the reset button to start measurements.
1009,521.00,650.00,284.00,532.00
2044,519.00,650.00,283.00,531.00
3047,518.00,650.00,282.00,530.00
4049,516.00,650.00,281.00,530.00
5051,515.00,650.00,280.00,529.00
6053,514.00,649.00,279.00,528.00
7056,512.00,648.00,278.00,527.00
8058,511.00,648.00,276.00,526.00
9061,509.00,648.00,275.00,525.00
10063,508.00,647.00,274.00,524.00
11066,507.00,647.00,273.00,523.00
12068,505.00,646.00,272.00,522.00
13071,504.00,645.00,271.00,521.00
14073,502.00,645.00,270.00,520.00
15076,500.00,645.00,269.00,519.00
16078,499.00,644.00,268.00,518.00
17080,498.00,644.00,267.00,517.00
18082,497.00,644.00,267.00,516.00
19085,496.00,644.00,266.00,515.00
20087,495.00,644.00,265.00,514.00
21090,495.00,646.00,264.00,515.00
22092,494.00,646.00,264.00,515.00
23095,493.00,647.00,263.00,514.00
24097,492.00,647.00,263.00,514.00
25100,491.00,646.00,262.00,513.00
26102,486.00,641.00,259.00,508.00
27105,485.00,641.00,257.00,507.00
28107,483.00,641.00,256.00,506.00
29110,482.00,641.00,256.00,506.00
30112,482.00,641.00,254.00,505.00
31115,480.00,640.00,254.00,504.00
32116,479.00,640.00,253.00,503.00
33119,479.00,640.00,252.00,502.00
34121,478.00,640.00,252.00,501.00
35124,477.00,640.00,251.00,500.00
36126,476.00,639.00,250.00,500.00
37129,475.00,639.00,249.00,499.00
38131,474.00,639.00,249.00,498.00
39134,473.00,639.00,248.00,497.00
40136,472.00,639.00,247.00,497.00
41139,471.00,638.00,247.00,496.00
42141,470.00,638.00,246.00,495.00
43144,469.00,638.00,246.00,494.00
44146,468.00,638.00,245.00,494.00
45149,467.00,638.00,244.00,493.00
46150,466.00,637.00,244.00,492.00
47153,465.00,637.00,243.00,491.00
48155,464.00,637.00,242.00,490.00
49158,463.00,637.00,241.00,490.00
50160,462.00,636.00,241.00,489.00
51163,462.00,636.00,240.00,488.00
52165,461.00,636.00,239.00,487.00
53168,460.00,636.00,239.00,487.00
54170,459.00,636.00,238.00,486.00
55173,458.00,635.00,238.00,485.00
56175,457.00,635.00,237.00,484.00
57178,456.00,635.00,236.00,483.00
58180,455.00,635.00,236.00,483.00
59183,454.00,634.00,235.00,482.00
60185,453.00,634.00,234.00,481.00
61187,452.00,634.00,234.00,480.00
62189,452.00,633.00,233.00,480.00
63192,451.00,633.00,232.00,479.00
64194,450.00,633.00,232.00,478.00
65197,449.00,633.00,231.00,477.00
66199,448.00,632.00,231.00,477.00
67202,447.00,632.00,230.00,476.00
68204,446.00,632.00,229.00,475.00
69207,446.00,632.00,229.00,474.00
70209,445.00,631.00,228.00,473.00
71212,444.00,631.00,228.00,473.00
72214,443.00,631.00,227.00,472.00
73217,442.00,631.00,226.00,471.00
74219,442.00,630.00,226.00,471.00
75220,441.00,630.00,225.00,470.00
76223,440.00,629.00,224.00,469.00
77225,439.00,629.00,224.00,469.00
78228,438.00,629.00,223.00,468.00
79230,437.00,629.00,223.00,467.00
80233,436.00,628.00,222.00,466.00
81235,436.00,628.00,222.00,466.00
82238,435.00,628.00,221.00,465.00
83240,434.00,627.00,220.00,464.00
84243,433.00,627.00,220.00,464.00
85245,432.00,626.00,219.00,463.00
86248,431.00,626.00,219.00,462.00
87250,430.00,626.00,218.00,462.00
88253,430.00,625.00,218.00,461.00
89254,429.00,625.00,217.00,460.00
90257,428.00,625.00,217.00,460.00
91259,428.00,624.00,216.00,459.00
92262,427.00,624.00,216.00,458.00
93264,426.00,624.00,215.00,458.00
94267,426.00,623.00,215.00,457.00
95269,425.00,623.00,214.00,457.00
96272,424.00,623.00,214.00,456.00
97274,423.00,622.00,213.00,455.00
98277,423.00,622.00,212.00,455.00
99279,422.00,622.00,212.00,454.00
100282,421.00,621.00,211.00,453.00
101284,421.00,621.00,211.00,453.00
102287,420.00,621.00,210.00,452.00
103289,419.00,620.00,210.00,452.00
104292,419.00,620.00,209.00,451.00
105294,418.00,620.00,209.00,450.00
106297,417.00,619.00,208.00,450.00
107299,417.00,619.00,208.00,449.00
108302,416.00,619.00,207.00,448.00
109303,416.00,619.00,207.00,448.00
110306,415.00,618.00,206.00,447.00
111308,414.00,618.00,206.00,446.00
112311,414.00,617.00,205.00,446.00
113313,413.00,617.00,205.00,445.00
114316,412.00,617.00,204.00,444.00
115318,412.00,616.00,204.00,444.00
116321,411.00,616.00,203.00,443.00
117323,411.00,616.00,203.00,442.00
118326,410.00,616.00,202.00,442.00
119328,409.00,615.00,202.00,441.00
120331,409.00,615.00,201.00,440.00
121333,408.00,614.00,201.00,440.00
122336,408.00,614.00,201.00,439.00
123338,407.00,614.00,200.00,439.00
124341,407.00,614.00,200.00,438.00
125343,406.00,613.00,199.00,438.00
126346,405.00,613.00,199.00,437.00
127348,405.00,613.00,198.00,436.00
128351,404.00,612.00,198.00,436.00
129353,404.00,612.00,198.00,435.00
130356,403.00,612.00,197.00,434.00
131358,403.00,611.00,197.00,434.00
132361,402.00,611.00,196.00,433.00
133363,402.00,611.00,196.00,432.00
134366,401.00,611.00,195.00,432.00
135368,401.00,610.00,195.00,431.00
136371,400.00,610.00,195.00,431.00
137373,400.00,610.00,194.00,430.00
138376,399.00,609.00,194.00,430.00
139378,399.00,609.00,193.00,429.00
140381,398.00,609.00,193.00,429.00
141383,398.00,608.00,193.00,428.00
142386,397.00,608.00,192.00,428.00
143388,397.00,608.00,192.00,427.00
144391,396.00,607.00,191.00,426.00
145393,396.00,607.00,191.00,426.00
146396,395.00,607.00,191.00,425.00
147398,395.00,606.00,190.00,425.00
148401,394.00,606.00,190.00,424.00
149403,394.00,606.00,190.00,424.00
150406,393.00,605.00,189.00,423.00
151407,393.00,605.00,189.00,423.00
152410,392.00,605.00,188.00,422.00
153412,392.00,604.00,188.00,421.00
154415,391.00,604.00,188.00,421.00
155417,391.00,604.00,187.00,420.00
156420,390.00,603.00,187.00,420.00
157422,390.00,603.00,187.00,419.00
158425,389.00,603.00,186.00,419.00
159427,389.00,602.00,186.00,418.00
160430,388.00,602.00,186.00,418.00
161432,387.00,602.00,185.00,417.00
162435,387.00,601.00,185.00,416.00
163437,386.00,601.00,185.00,416.00
164440,386.00,601.00,184.00,416.00
165442,385.00,600.00,184.00,415.00
166445,385.00,600.00,184.00,415.00
167447,384.00,599.00,183.00,414.00
168450,384.00,599.00,183.00,414.00
169452,383.00,599.00,183.00,413.00
170455,383.00,598.00,182.00,413.00
171457,382.00,598.00,182.00,412.00
172460,382.00,598.00,182.00,412.00
173462,381.00,597.00,181.00,411.00
174465,381.00,597.00,181.00,411.00
175467,380.00,597.00,181.00,410.00
176470,380.00,596.00,180.00,410.00
177472,379.00,596.00,180.00,409.00
178475,379.00,595.00,180.00,409.00
179477,378.00,595.00,179.00,408.00
180480,378.00,595.00,179.00,408.00
Measurement complete.