  MQ Gas Sensor Data Logger
Press the reset button to start measurements.
1009,191.00,371.00,101.00,190.00
2044,191.00,371.00,101.00,190.00
3047,190.00,370.00,101.00,190.00
4049,190.00,369.00,101.00,190.00
5051,190.00,368.00,101.00,190.00
6053,190.00,368.00,101.00,190.00
7056,190.00,367.00,102.00,190.00
8058,190.00,367.00,103.00,190.00
9061,190.00,366.00,104.00,190.00
10063,190.00,366.00,104.00,190.00
11066,190.00,366.00,105.00,191.00
12068,190.00,365.00,105.00,191.00
13071,190.00,365.00,105.00,191.00
14072,189.00,365.00,104.00,191.00
15075,189.00,364.00,104.00,191.00
16077,189.00,364.00,103.00,191.00
17080,189.00,364.00,104.00,191.00
18082,189.00,364.00,104.00,191.00
19085,189.00,364.00,105.00,191.00
20087,189.00,364.00,105.00,191.00
21090,189.00,363.00,105.00,191.00
22092,189.00,363.00,105.00,191.00
23095,189.00,363.00,105.00,191.00
24097,189.00,363.00,105.00,191.00
25100,189.00,363.00,105.00,191.00
26102,189.00,363.00,105.00,192.00
27104,189.00,363.00,104.00,192.00
28106,189.00,363.00,104.00,192.00
29109,189.00,363.00,104.00,192.00
30111,189.00,362.00,103.00,192.00
31114,189.00,362.00,103.00,193.00
32116,189.00,362.00,103.00,193.00
33119,189.00,362.00,103.00,193.00
34121,189.00,362.00,102.00,193.00
35124,189.00,362.00,102.00,194.00
36126,190.00,362.00,102.00,194.00
37129,190.00,362.00,103.00,194.00
38131,189.00,362.00,103.00,195.00
39133,189.00,362.00,103.00,195.00
40135,189.00,361.00,102.00,195.00
41138,189.00,362.00,102.00,195.00
42140,189.00,361.00,102.00,195.00
43143,189.00,361.00,102.00,195.00
44145,189.00,361.00,101.00,195.00
45148,189.00,361.00,101.00,195.00
46150,189.00,361.00,101.00,195.00
47153,189.00,361.00,101.00,195.00
48155,189.00,361.00,101.00,194.00
49158,189.00,362.00,101.00,194.00
50160,189.00,362.00,100.00,194.00
51163,189.00,362.00,100.00,194.00
52164,189.00,362.00,100.00,194.00
53167,190.00,362.00,100.00,194.00
54169,190.00,362.00,100.00,194.00
55172,190.00,362.00,100.00,194.00
56174,190.00,361.00,100.00,193.00
57177,190.00,361.00,100.00,193.00
58179,190.00,361.00,100.00,193.00
59182,190.00,361.00,100.00,193.00
60184,190.00,362.00,100.00,193.00
61187,190.00,362.00,100.00,193.00
62189,190.00,363.00,100.00,193.00
63192,190.00,364.00,100.00,193.00
64194,190.00,363.00,100.00,193.00
65196,190.00,362.00,100.00,193.00
66198,190.00,362.00,100.00,192.00
67201,190.00,361.00,100.00,192.00
68203,190.00,361.00,99.00,192.00
69206,190.00,361.00,100.00,192.00
70208,190.00,361.00,100.00,192.00
71211,190.00,360.00,99.00,192.00
72213,190.00,360.00,99.00,192.00
73216,190.00,360.00,99.00,192.00
74218,190.00,359.00,99.00,192.00
75219,189.00,359.00,99.00,191.00
76222,190.00,359.00,99.00,191.00
77224,189.00,359.00,99.00,191.00
78227,189.00,359.00,99.00,191.00
79229,189.00,359.00,99.00,191.00
80232,190.00,359.00,99.00,191.00
81234,189.00,358.00,98.00,191.00
82237,190.00,359.00,98.00,192.00
83238,189.00,359.00,98.00,191.00
84241,190.00,359.00,98.00,191.00
85243,190.00,361.00,99.00,191.00
86246,190.00,362.00,99.00,192.00
87248,191.00,363.00,100.00,192.00
88251,191.00,365.00,101.00,192.00
89253,192.00,366.00,101.00,192.00
90256,192.00,366.00,101.00,191.00
91258,192.00,367.00,102.00,192.00
92261,192.00,368.00,103.00,191.00
93262,193.00,369.00,103.00,191.00
94265,193.00,370.00,104.00,192.00
95267,194.00,371.00,105.00,192.00
96270,194.00,371.00,106.00,192.00
97272,194.00,371.00,107.00,192.00
98275,194.00,371.00,107.00,192.00
99277,194.00,371.00,107.00,192.00
100280,194.00,371.00,107.00,192.00
101282,194.00,373.00,107.00,192.00
102285,195.00,373.00,107.00,192.00
103287,195.00,373.00,108.00,192.00
104290,195.00,373.00,108.00,192.00
105292,195.00,373.00,109.00,192.00
106295,195.00,373.00,109.00,192.00
107297,195.00,373.00,109.00,192.00
108300,195.00,372.00,110.00,192.00
109302,195.00,373.00,110.00,192.00
110305,195.00,374.00,110.00,192.00
111306,195.00,375.00,110.00,192.00
112309,195.00,374.00,110.00,192.00
113311,195.00,374.00,110.00,192.00
114314,195.00,374.00,110.00,192.00
115316,195.00,374.00,110.00,192.00
116319,195.00,373.00,111.00,192.00
117321,195.00,372.00,111.00,191.00
118324,195.00,372.00,111.00,191.00
119326,195.00,372.00,110.00,191.00
120329,195.00,373.00,110.00,191.00
121331,196.00,374.00,110.00,191.00
122334,196.00,374.00,110.00,191.00
123336,196.00,374.00,111.00,191.00
124339,196.00,374.00,111.00,191.00
125341,196.00,373.00,111.00,191.00
126344,195.00,373.00,111.00,191.00
127346,195.00,373.00,111.00,191.00
128349,195.00,374.00,111.00,191.00
129351,196.00,373.00,112.00,191.00
130354,196.00,373.00,112.00,191.00
131356,195.00,373.00,112.00,191.00
132359,195.00,373.00,112.00,191.00
133361,196.00,373.00,113.00,191.00
134364,195.00,372.00,113.00,191.00
135366,196.00,372.00,114.00,191.00
136369,196.00,373.00,114.00,191.00
137370,196.00,374.00,114.00,191.00
138373,196.00,375.00,114.00,191.00
139375,196.00,375.00,114.00,191.00
140378,196.00,375.00,114.00,191.00
141380,196.00,374.00,115.00,191.00
142383,196.00,374.00,115.00,191.00
143385,196.00,374.00,115.00,191.00
144388,197.00,375.00,115.00,191.00
145390,197.00,376.00,115.00,191.00
146393,197.00,376.00,115.00,191.00
147395,197.00,376.00,116.00,191.00
148398,197.00,376.00,115.00,191.00
149400,198.00,377.00,116.00,191.00
150403,198.00,377.00,116.00,191.00
151405,198.00,378.00,115.00,191.00
152408,198.00,378.00,115.00,191.00
153410,198.00,377.00,115.00,191.00
154413,197.00,377.00,115.00,191.00
155415,197.00,376.00,115.00,191.00
156418,197.00,376.00,116.00,191.00
157420,197.00,376.00,116.00,191.00
158423,197.00,375.00,116.00,191.00
159425,197.00,375.00,115.00,191.00
160428,198.00,376.00,115.00,191.00
161430,198.00,377.00,115.00,191.00
162433,198.00,377.00,115.00,191.00
163435,198.00,377.00,115.00,191.00
164436,198.00,378.00,115.00,190.00
165439,198.00,378.00,114.00,190.00
166441,198.00,378.00,114.00,190.00
167444,198.00,377.00,114.00,190.00
168446,198.00,377.00,114.00,190.00
169449,198.00,375.00,114.00,190.00
170451,197.00,375.00,114.00,190.00
171454,197.00,376.00,114.00,190.00
172456,197.00,375.00,114.00,190.00
173459,197.00,375.00,114.00,190.00
174461,197.00,375.00,114.00,190.00
175464,197.00,375.00,113.00,190.00
176466,198.00,375.00,113.00,190.00
177469,198.00,375.00,113.00,190.00
178471,198.00,376.00,113.00,190.00
179474,198.00,376.00,113.00,189.00
180476,198.00,377.00,113.00,189.00
Measurement complete.