  MQ Gas Sensor Data Logger
Press the reset button to start measurements.
1009,338.00,621.00,180.00,307.00
2044,340.00,623.00,182.00,314.00
3047,343.00,624.00,185.00,321.00
4049,345.00,625.00,189.00,329.00
5051,347.00,627.00,192.00,336.00
6053,350.00,627.00,195.00,344.00
7056,352.00,629.00,198.00,351.00
8058,354.00,629.00,200.00,357.00
9061,357.00,630.00,203.00,363.00
10063,358.00,632.00,205.00,368.00
11066,360.00,633.00,206.00,374.00
12068,362.00,634.00,208.00,379.00
13071,362.00,633.00,209.00,382.00
14073,363.00,633.00,210.00,386.00
15075,364.00,633.00,211.00,390.00
16077,365.00,633.00,213.00,393.00
17080,367.00,634.00,215.00,397.00
18082,369.00,634.00,216.00,400.00
19085,370.00,635.00,218.00,404.00
20087,372.00,636.00,219.00,407.00
21090,373.00,637.00,220.00,410.00
22092,375.00,638.00,220.00,413.00
23095,376.00,639.00,220.00,415.00
24097,377.00,640.00,219.00,418.00
25100,378.00,641.00,220.00,420.00
26102,379.00,642.00,220.00,422.00
27105,379.00,642.00,221.00,424.00
28107,380.00,642.00,222.00,426.00
29109,381.00,643.00,223.00,427.00
30111,382.00,643.00,224.00,429.00
31114,382.00,643.00,225.00,431.00
32116,383.00,643.00,226.00,432.00
33119,384.00,643.00,227.00,434.00
34121,386.00,644.00,228.00,435.00
35124,386.00,644.00,228.00,436.00
36126,387.00,644.00,228.00,436.00
37129,389.00,644.00,227.00,437.00
38131,390.00,645.00,226.00,437.00
39134,392.00,645.00,225.00,437.00
40136,393.00,646.00,224.00,437.00
41139,394.00,646.00,222.00,437.00
42141,396.00,646.00,222.00,437.00
43144,397.00,647.00,222.00,438.00
44145,398.00,647.00,222.00,438.00
45148,399.00,647.00,222.00,438.00
46150,400.00,648.00,222.00,438.00
47153,401.00,648.00,222.00,438.00
48155,402.00,648.00,222.00,438.00
49158,402.00,648.00,222.00,438.00
50160,402.00,648.00,223.00,438.00
51163,402.00,648.00,224.00,439.00
52165,401.00,648.00,225.00,440.00
53168,398.00,646.00,226.00,441.00
54170,397.00,645.00,227.00,442.00
55173,397.00,644.00,228.00,444.00
56175,395.00,643.00,229.00,445.00
57178,394.00,642.00,230.00,446.00
58179,394.00,641.00,230.00,446.00
59182,395.00,642.00,231.00,447.00
60184,397.00,642.00,232.00,448.00
61187,398.00,643.00,232.00,449.00
62189,400.00,644.00,231.00,449.00
63192,402.00,645.00,229.00,448.00
64194,403.00,646.00,227.00,446.00
65197,405.00,647.00,225.00,444.00
66199,406.00,648.00,223.00,442.00
67202,406.00,648.00,221.00,440.00
68204,407.00,648.00,220.00,439.00
69207,407.00,648.00,220.00,438.00
70209,407.00,648.00,219.00,438.00
71212,407.00,647.00,220.00,438.00
72213,407.00,647.00,220.00,439.00
73216,407.00,646.00,220.00,439.00
74218,407.00,646.00,221.00,440.00
75220,408.00,647.00,222.00,440.00
76223,409.00,647.00,221.00,440.00
77225,410.00,647.00,221.00,439.00
78228,411.00,647.00,220.00,438.00
79230,412.00,647.00,220.00,438.00
80233,412.00,647.00,219.00,438.00
81235,412.00,648.00,218.00,438.00
82238,413.00,648.00,218.00,439.00
83240,412.00,648.00,218.00,439.00
84243,411.00,647.00,217.00,440.00
85245,410.00,647.00,217.00,440.00
86247,410.00,647.00,217.00,440.00
87249,410.00,647.00,218.00,440.00
88252,410.00,646.00,218.00,440.00
89254,411.00,646.00,219.00,439.00
90257,411.00,646.00,219.00,438.00
91259,412.00,646.00,219.00,438.00
92262,413.00,646.00,219.00,437.00
93264,414.00,646.00,219.00,437.00
94267,416.00,646.00,219.00,436.00
95269,417.00,646.00,219.00,435.00
96272,418.00,646.00,220.00,435.00
97274,418.00,646.00,220.00,435.00
98277,419.00,646.00,221.00,434.00
99279,420.00,646.00,221.00,434.00
100281,421.00,646.00,221.00,434.00
101283,421.00,646.00,221.00,434.00
102286,422.00,646.00,221.00,433.00
103288,422.00,646.00,220.00,433.00
104291,422.00,645.00,221.00,433.00
105293,421.00,645.00,221.00,434.00
106296,419.00,644.00,222.00,434.00
107298,418.00,644.00,223.00,435.00
108301,417.00,644.00,224.00,436.00
109303,416.00,643.00,225.00,436.00
110306,416.00,643.00,225.00,437.00
111308,416.00,643.00,226.00,438.00
112311,416.00,643.00,227.00,438.00
113313,417.00,643.00,228.00,439.00
114316,417.00,643.00,228.00,440.00
115318,418.00,644.00,229.00,441.00
116321,420.00,644.00,229.00,441.00
117323,421.00,645.00,229.00,442.00
118326,422.00,646.00,229.00,442.00
119328,423.00,647.00,229.00,442.00
120331,424.00,647.00,229.00,442.00
121333,424.00,648.00,228.00,442.00
122336,425.00,648.00,228.00,442.00
123338,424.00,648.00,229.00,442.00
124341,422.00,645.00,229.00,442.00
125343,420.00,643.00,230.00,442.00
126346,419.00,641.00,231.00,443.00
127348,420.00,640.00,232.00,444.00
128351,421.00,639.00,233.00,445.00
129353,420.00,639.00,234.00,446.00
130356,417.00,638.00,234.00,446.00
131358,413.00,637.00,234.00,447.00
132361,412.00,637.00,234.00,447.00
133363,412.00,638.00,234.00,447.00
134366,413.00,639.00,233.00,447.00
135368,414.00,640.00,233.00,447.00
136371,415.00,640.00,233.00,446.00
137373,416.00,641.00,233.00,446.00
138376,416.00,641.00,233.00,445.00
139377,417.00,642.00,233.00,445.00
140380,417.00,642.00,233.00,444.00
141382,417.00,642.00,233.00,444.00
142385,417.00,642.00,233.00,443.00
143387,417.00,643.00,234.00,443.00
144390,418.00,643.00,233.00,442.00
145392,418.00,644.00,233.00,442.00
146395,418.00,645.00,233.00,441.00
147397,418.00,645.00,233.00,441.00
148400,418.00,645.00,232.00,440.00
149402,419.00,645.00,231.00,440.00
150405,419.00,645.00,230.00,439.00
151407,420.00,645.00,228.00,439.00
152410,420.00,646.00,227.00,438.00
153412,420.00,646.00,225.00,437.00
154415,421.00,647.00,224.00,436.00
155417,421.00,647.00,222.00,435.00
156420,421.00,647.00,221.00,434.00
157422,421.00,647.00,220.00,433.00
158425,421.00,647.00,219.00,433.00
159427,422.00,646.00,218.00,433.00
160430,422.00,646.00,218.00,433.00
161432,421.00,645.00,218.00,433.00
162435,421.00,645.00,218.00,433.00
163437,421.00,644.00,219.00,433.00
164440,420.00,644.00,219.00,433.00
165442,420.00,643.00,219.00,434.00
166445,419.00,642.00,220.00,434.00
167447,416.00,641.00,220.00,434.00
168450,414.00,640.00,220.00,434.00
169452,414.00,640.00,221.00,434.00
170455,414.00,641.00,222.00,434.00
171457,415.00,641.00,223.00,434.00
172460,416.00,642.00,224.00,434.00
173462,417.00,642.00,223.00,434.00
174465,418.00,642.00,223.00,433.00
175467,419.00,642.00,222.00,432.00
176470,419.00,642.00,223.00,432.00
177472,420.00,642.00,223.00,432.00
178473,420.00,641.00,224.00,432.00
179476,420.00,641.00,224.00,432.00
180478,420.00,641.00,225.00,432.00
Measurement complete.