 MQ Gas Sensor Data Logger
Press the reset button to start measurements.
1009,286.00,517.00,195.00,328.00
2044,291.00,536.00,197.00,330.00
3047,294.00,549.00,198.00,332.00
4049,295.00,559.00,199.00,334.00
5051,296.00,565.00,199.00,336.00
6053,297.00,568.00,200.00,339.00
7056,297.00,568.00,201.00,341.00
8058,296.00,564.00,202.00,343.00
9061,293.00,559.00,204.00,345.00
10063,291.00,553.00,205.00,347.00
11066,288.00,546.00,206.00,349.00
12068,287.00,546.00,206.00,352.00
13071,296.00,560.00,206.00,355.00
14073,303.00,571.00,206.00,357.00
15075,309.00,581.00,207.00,359.00
16077,314.00,588.00,208.00,361.00
17080,313.00,589.00,209.00,363.00
18082,309.00,587.00,210.00,364.00
19085,304.00,583.00,211.00,366.00
20087,300.00,577.00,212.00,369.00
21090,297.00,572.00,212.00,372.00
22092,295.00,566.00,213.00,375.00
23095,297.00,562.00,214.00,377.00
24097,300.00,562.00,214.00,378.00
25100,304.00,563.00,214.00,378.00
26102,306.00,564.00,215.00,379.00
27105,307.00,566.00,215.00,379.00
28107,308.00,566.00,215.00,379.00
29109,309.00,565.00,215.00,378.00
30111,310.00,565.00,215.00,378.00
31114,311.00,565.00,215.00,378.00
32116,309.00,565.00,215.00,377.00
33119,306.00,563.00,215.00,377.00
34121,303.00,562.00,216.00,377.00
35124,301.00,561.00,216.00,377.00
36126,300.00,559.00,217.00,377.00
37129,297.00,556.00,218.00,377.00
38131,295.00,552.00,219.00,378.00
39134,293.00,548.00,220.00,378.00
40136,292.00,544.00,221.00,380.00
41139,289.00,540.00,222.00,381.00
42141,288.00,537.00,222.00,383.00
43144,286.00,535.00,223.00,385.00
44145,284.00,533.00,223.00,387.00
45148,282.00,529.00,223.00,389.00
46150,281.00,526.00,224.00,390.00
47153,280.00,524.00,224.00,392.00
48155,280.00,523.00,225.00,393.00
49158,279.00,523.00,226.00,394.00
50160,279.00,527.00,227.00,395.00
51163,280.00,532.00,227.00,396.00
52165,283.00,537.00,227.00,396.00
53168,288.00,542.00,228.00,397.00
54170,294.00,545.00,228.00,397.00
55173,298.00,548.00,227.00,397.00
56175,300.00,549.00,227.00,397.00
57178,298.00,546.00,226.00,397.00
58179,295.00,543.00,226.00,396.00
59182,294.00,540.00,225.00,396.00
60184,293.00,538.00,224.00,395.00
61187,294.00,539.00,223.00,395.00
62189,298.00,541.00,224.00,394.00
63192,300.00,545.00,223.00,394.00
64194,303.00,549.00,222.00,393.00
65197,306.00,553.00,220.00,392.00
66199,309.00,556.00,218.00,391.00
67202,312.00,558.00,217.00,390.00
68204,315.00,558.00,216.00,389.00
69207,316.00,559.00,215.00,388.00
70209,315.00,558.00,215.00,387.00
71212,315.00,558.00,216.00,386.00
72213,314.00,556.00,217.00,386.00
73216,311.00,552.00,217.00,385.00
74218,307.00,548.00,217.00,384.00
75220,304.00,544.00,217.00,384.00
76223,301.00,540.00,217.00,384.00
77225,299.00,536.00,217.00,384.00
78228,297.00,533.00,217.00,385.00
79230,295.00,529.00,217.00,387.00
80233,293.00,526.00,218.00,389.00
81235,293.00,523.00,218.00,391.00
82238,292.00,521.00,219.00,393.00
83240,291.00,518.00,220.00,395.00
84243,290.00,516.00,220.00,398.00
85245,289.00,515.00,221.00,400.00
86247,289.00,515.00,222.00,402.00
87249,290.00,518.00,222.00,404.00
88252,293.00,523.00,222.00,405.00
89254,296.00,526.00,222.00,406.00
90257,299.00,528.00,220.00,405.00
91259,302.00,532.00,218.00,404.00
92262,304.00,538.00,217.00,402.00
93264,306.00,544.00,216.00,401.00
94267,308.00,549.00,215.00,400.00
95269,308.00,552.00,213.00,398.00
96272,307.00,552.00,212.00,396.00
97274,305.00,549.00,210.00,394.00
98277,302.00,546.00,210.00,393.00
99279,299.00,542.00,209.00,391.00
100281,297.00,539.00,210.00,390.00
101283,295.00,535.00,210.00,389.00
102286,293.00,532.00,210.00,388.00
103288,292.00,529.00,210.00,387.00
104291,292.00,527.00,210.00,387.00
105293,291.00,525.00,209.00,386.00
106296,290.00,522.00,209.00,386.00
107298,288.00,520.00,209.00,386.00
108301,287.00,518.00,209.00,385.00
109303,286.00,517.00,208.00,385.00
110306,285.00,516.00,208.00,385.00
111308,285.00,516.00,208.00,385.00
112311,285.00,516.00,207.00,384.00
113313,287.00,518.00,206.00,384.00
114316,288.00,519.00,207.00,384.00
115318,288.00,519.00,209.00,385.00
116321,288.00,518.00,210.00,385.00
117323,288.00,517.00,211.00,386.00
118326,289.00,519.00,212.00,386.00
119328,289.00,518.00,213.00,387.00
120331,288.00,516.00,214.00,387.00
121333,287.00,515.00,214.00,388.00
122336,288.00,518.00,214.00,388.00
123338,288.00,518.00,214.00,388.00
124341,288.00,517.00,214.00,389.00
125343,288.00,516.00,214.00,389.00
126346,289.00,517.00,213.00,389.00
127348,290.00,515.00,212.00,388.00
128351,289.00,513.00,211.00,388.00
129353,288.00,511.00,210.00,387.00
130356,288.00,510.00,209.00,386.00
131358,286.00,509.00,208.00,385.00
132361,285.00,508.00,208.00,383.00
133363,284.00,506.00,207.00,383.00
134366,283.00,504.00,207.00,382.00
135368,284.00,504.00,207.00,382.00
136371,283.00,503.00,208.00,383.00
137373,283.00,502.00,210.00,384.00
138376,283.00,501.00,211.00,385.00
139378,282.00,499.00,212.00,387.00
140381,282.00,498.00,213.00,389.00
141382,282.00,498.00,214.00,391.00
142385,282.00,499.00,215.00,393.00
143387,282.00,499.00,215.00,395.00
144390,281.00,500.00,216.00,397.00
145392,280.00,499.00,216.00,399.00
146395,280.00,498.00,216.00,400.00
147397,279.00,498.00,216.00,401.00
148400,280.00,497.00,216.00,401.00
149402,281.00,496.00,215.00,401.00
150405,281.00,495.00,215.00,401.00
151407,280.00,495.00,214.00,400.00
152410,280.00,494.00,213.00,400.00
153412,281.00,496.00,212.00,399.00
154415,283.00,496.00,212.00,399.00
155417,285.00,496.00,211.00,398.00
156420,285.00,497.00,210.00,397.00
157422,284.00,499.00,210.00,396.00
158425,284.00,500.00,209.00,396.00
159427,282.00,499.00,207.00,394.00
160430,285.00,504.00,207.00,393.00
161432,290.00,524.00,207.00,392.00
162435,294.00,544.00,206.00,391.00
163437,297.00,555.00,206.00,391.00
164440,297.00,558.00,207.00,390.00
165442,296.00,557.00,208.00,390.00
166445,294.00,554.00,209.00,390.00
167447,292.00,551.00,209.00,391.00
168450,291.00,547.00,209.00,391.00
169452,291.00,543.00,209.00,391.00
170455,291.00,539.00,209.00,392.00
171457,290.00,535.00,210.00,392.00
172460,288.00,532.00,210.00,393.00
173462,286.00,529.00,211.00,394.00
174465,285.00,526.00,212.00,396.00
175467,286.00,524.00,214.00,397.00
176470,287.00,521.00,215.00,398.00
177472,287.00,519.00,215.00,398.00
178475,286.00,516.00,216.00,399.00
179477,285.00,514.00,216.00,400.00
180480,286.00,513.00,217.00,401.00
Measurement complete.
