 ɁMQ Gas Sensor Data Logger
Press the reset button to start measurements.
1009,258.00,341.00,86.00,164.00
2043,258.00,342.00,86.00,164.00
3046,258.00,341.00,86.00,163.00
4047,257.00,341.00,85.00,163.00
5050,257.00,341.00,85.00,163.00
6052,257.00,341.00,85.00,162.00
7055,257.00,340.00,85.00,162.00
8057,257.00,340.00,85.00,163.00
9060,257.00,340.00,85.00,162.00
10061,257.00,340.00,85.00,162.00
11064,257.00,340.00,85.00,162.00
12066,257.00,340.00,85.00,162.00
13069,257.00,341.00,84.00,162.00
14071,257.00,341.00,84.00,162.00
15074,257.00,341.00,84.00,162.00
16076,257.00,341.00,84.00,162.00
17079,257.00,341.00,84.00,162.00
18081,257.00,340.00,84.00,162.00
19083,257.00,340.00,84.00,162.00
20085,256.00,339.00,84.00,162.00
21088,257.00,339.00,84.00,162.00
22090,257.00,340.00,84.00,162.00
23093,257.00,340.00,84.00,162.00
24095,257.00,339.00,85.00,162.00
25098,257.00,339.00,85.00,162.00
26100,257.00,339.00,85.00,162.00
27102,257.00,339.00,85.00,162.00
28104,257.00,339.00,85.00,162.00
29107,257.00,339.00,85.00,162.00
30109,257.00,339.00,85.00,162.00
31112,256.00,339.00,85.00,162.00
32114,256.00,339.00,85.00,162.00
33117,256.00,339.00,85.00,162.00
34119,256.00,339.00,85.00,162.00
35121,256.00,338.00,85.00,162.00
36123,256.00,338.00,85.00,162.00
37126,256.00,338.00,86.00,162.00
38128,256.00,338.00,86.00,162.00
39131,256.00,338.00,86.00,162.00
40133,256.00,338.00,86.00,162.00
41136,256.00,339.00,86.00,162.00
42138,256.00,338.00,86.00,162.00
43141,256.00,338.00,86.00,162.00
44142,256.00,338.00,86.00,162.00
45145,255.00,337.00,85.00,162.00
46147,254.00,337.00,85.00,161.00
47150,255.00,337.00,85.00,161.00
48152,254.00,337.00,85.00,161.00
49155,255.00,337.00,85.00,161.00
50157,255.00,338.00,85.00,162.00
51160,254.00,338.00,85.00,161.00
52161,254.00,337.00,85.00,161.00
53164,254.00,337.00,84.00,161.00
54166,254.00,337.00,84.00,161.00
55169,254.00,337.00,84.00,161.00
56171,254.00,337.00,84.00,161.00
57174,254.00,337.00,84.00,161.00
58176,255.00,338.00,84.00,162.00
59179,255.00,338.00,84.00,162.00
60180,255.00,338.00,84.00,162.00
61182,255.00,338.00,84.00,162.00
62185,255.00,338.00,84.00,162.00
63187,255.00,338.00,84.00,162.00
64190,255.00,338.00,84.00,162.00
65192,255.00,338.00,84.00,162.00
66195,255.00,338.00,84.00,162.00
67197,255.00,338.00,84.00,162.00
68199,254.00,338.00,84.00,162.00
69201,254.00,338.00,84.00,162.00
70204,254.00,337.00,83.00,162.00
71206,254.00,337.00,83.00,162.00
72209,253.00,337.00,83.00,162.00
73211,253.00,337.00,83.00,161.00
74214,253.00,337.00,83.00,161.00
75216,253.00,337.00,83.00,161.00
76218,253.00,337.00,83.00,161.00
77220,253.00,337.00,83.00,161.00
78223,253.00,337.00,83.00,161.00
79225,253.00,337.00,83.00,161.00
80228,253.00,337.00,83.00,161.00
81230,252.00,337.00,83.00,161.00
82233,252.00,337.00,83.00,161.00
83235,252.00,337.00,83.00,161.00
84237,252.00,337.00,83.00,161.00
85239,252.00,337.00,83.00,160.00
86242,252.00,337.00,83.00,160.00
87244,252.00,337.00,83.00,160.00
88247,251.00,337.00,83.00,160.00
89249,251.00,337.00,83.00,160.00
90252,251.00,336.00,83.00,160.00
91254,251.00,336.00,83.00,160.00
92256,251.00,336.00,83.00,160.00
93258,250.00,336.00,83.00,160.00
94261,250.00,335.00,83.00,160.00
95263,250.00,336.00,82.00,160.00
96266,250.00,335.00,82.00,160.00
97268,250.00,335.00,82.00,160.00
98271,250.00,334.00,82.00,160.00
99273,250.00,335.00,82.00,159.00
100275,249.00,334.00,82.00,159.00
101277,249.00,334.00,82.00,159.00
102280,249.00,334.00,82.00,159.00
103282,249.00,334.00,82.00,159.00
104285,249.00,334.00,81.00,159.00
105287,249.00,334.00,81.00,158.00
106290,249.00,334.00,81.00,158.00
107292,249.00,334.00,81.00,159.00
108295,249.00,334.00,82.00,158.00
109297,249.00,334.00,81.00,158.00
110300,249.00,334.00,81.00,158.00
111302,248.00,334.00,81.00,158.00
112305,248.00,334.00,81.00,158.00
113306,248.00,334.00,81.00,158.00
114309,248.00,333.00,81.00,158.00
115311,248.00,333.00,81.00,158.00
116314,248.00,333.00,81.00,157.00
117316,248.00,333.00,81.00,157.00
118319,248.00,333.00,80.00,157.00
119321,248.00,333.00,80.00,157.00
120324,247.00,333.00,80.00,157.00
121326,247.00,333.00,80.00,157.00
122329,247.00,333.00,80.00,157.00
123331,247.00,333.00,80.00,157.00
124334,247.00,333.00,80.00,157.00
125335,247.00,333.00,80.00,157.00
126338,247.00,333.00,80.00,157.00
127340,247.00,333.00,80.00,157.00
128343,247.00,333.00,80.00,157.00
129345,247.00,332.00,80.00,157.00
130348,247.00,332.00,80.00,157.00
131350,247.00,332.00,80.00,156.00
132353,247.00,332.00,80.00,156.00
133355,247.00,333.00,80.00,156.00
134358,247.00,333.00,80.00,156.00
135360,247.00,332.00,80.00,156.00
136363,246.00,332.00,80.00,156.00
137365,246.00,332.00,80.00,156.00
138366,246.00,332.00,80.00,156.00
139369,246.00,332.00,80.00,156.00
140371,246.00,332.00,80.00,156.00
141374,246.00,332.00,80.00,156.00
142376,246.00,332.00,80.00,156.00
143379,246.00,332.00,79.00,156.00
144381,246.00,332.00,79.00,156.00
145384,246.00,332.00,79.00,156.00
146386,246.00,331.00,79.00,156.00
147389,246.00,331.00,79.00,155.00
148391,246.00,331.00,79.00,155.00
149394,246.00,331.00,79.00,155.00
150396,246.00,331.00,79.00,155.00
151398,246.00,331.00,79.00,155.00
152400,246.00,330.00,79.00,155.00
153403,246.00,330.00,79.00,155.00
154405,246.00,330.00,79.00,155.00
155408,245.00,330.00,79.00,155.00
156410,245.00,331.00,79.00,155.00
157413,245.00,330.00,79.00,155.00
158415,245.00,330.00,79.00,155.00
159418,245.00,330.00,79.00,155.00
160420,245.00,330.00,78.00,155.00
161423,245.00,330.00,78.00,154.00
162425,245.00,330.00,78.00,154.00
163428,245.00,330.00,78.00,155.00
164429,245.00,330.00,78.00,155.00
165432,246.00,330.00,78.00,154.00
166434,245.00,331.00,78.00,155.00
167437,245.00,330.00,78.00,154.00
168439,245.00,330.00,78.00,154.00
169442,245.00,330.00,78.00,154.00
170444,245.00,330.00,78.00,154.00
171447,245.00,330.00,78.00,154.00
172449,245.00,330.00,78.00,154.00
173452,245.00,330.00,78.00,154.00
174454,245.00,330.00,78.00,154.00
175457,245.00,329.00,78.00,154.00
176458,245.00,329.00,78.00,153.00
177461,245.00,329.00,78.00,153.00
178463,245.00,329.00,78.00,153.00
179466,244.00,329.00,77.00,153.00
180468,244.00,328.00,77.00,153.00
Measurement complete.