KMQ Gas Sensor Data Logger
Press the reset button to start measurements.
1009,210.00,393.00,107.00,192.00
2044,210.00,393.00,107.00,192.00
3047,210.00,392.00,107.00,192.00
4049,210.00,392.00,107.00,192.00
5051,210.00,391.00,107.00,192.00
6053,210.00,391.00,107.00,192.00
7056,210.00,391.00,107.00,192.00
8058,210.00,391.00,107.00,192.00
9061,210.00,391.00,107.00,192.00
10063,210.00,391.00,107.00,192.00
11066,210.00,391.00,107.00,192.00
12068,210.00,391.00,107.00,192.00
13071,210.00,390.00,107.00,192.00
14072,209.00,390.00,107.00,193.00
15075,209.00,389.00,107.00,193.00
16077,208.00,389.00,107.00,193.00
17080,208.00,389.00,107.00,193.00
18082,208.00,388.00,107.00,193.00
19085,208.00,388.00,107.00,193.00
20087,207.00,388.00,107.00,193.00
21090,207.00,387.00,107.00,193.00
22092,207.00,387.00,107.00,193.00
23095,206.00,387.00,107.00,193.00
24097,206.00,387.00,107.00,193.00
25100,206.00,387.00,107.00,193.00
26102,206.00,387.00,107.00,193.00
27104,206.00,386.00,106.00,193.00
28106,206.00,386.00,106.00,193.00
29109,206.00,385.00,106.00,192.00
30111,206.00,385.00,106.00,192.00
31114,206.00,385.00,106.00,192.00
32116,206.00,385.00,106.00,192.00
33119,206.00,385.00,106.00,192.00
34121,206.00,385.00,106.00,192.00
35124,206.00,385.00,106.00,192.00
36126,206.00,385.00,106.00,192.00
37129,206.00,385.00,106.00,192.00
38131,206.00,385.00,106.00,192.00
39133,206.00,384.00,106.00,191.00
40135,206.00,384.00,105.00,191.00
41138,205.00,384.00,105.00,191.00
42140,205.00,383.00,105.00,191.00
43143,205.00,382.00,105.00,191.00
44145,205.00,382.00,105.00,191.00
45148,204.00,382.00,105.00,191.00
46150,204.00,382.00,105.00,191.00
47153,204.00,382.00,104.00,191.00
48155,205.00,382.00,104.00,190.00
49158,205.00,382.00,104.00,190.00
50160,205.00,382.00,104.00,190.00
51163,205.00,382.00,104.00,190.00
52164,204.00,382.00,104.00,190.00
53167,205.00,382.00,104.00,190.00
54169,205.00,382.00,103.00,189.00
55172,205.00,382.00,103.00,189.00
56174,205.00,382.00,103.00,189.00
57177,205.00,381.00,103.00,189.00
58179,205.00,381.00,103.00,189.00
59182,205.00,381.00,103.00,189.00
60184,205.00,380.00,103.00,188.00
61187,204.00,379.00,103.00,188.00
62189,204.00,379.00,103.00,188.00
63192,204.00,377.00,102.00,188.00
64194,204.00,376.00,102.00,188.00
65196,204.00,376.00,102.00,188.00
66198,204.00,374.00,102.00,188.00
67201,203.00,373.00,102.00,188.00
68203,202.00,370.00,102.00,188.00
69206,202.00,369.00,102.00,188.00
70208,202.00,370.00,102.00,188.00
71211,203.00,372.00,101.00,187.00
72213,202.00,373.00,101.00,187.00
73216,202.00,369.00,101.00,187.00
74218,201.00,365.00,101.00,187.00
75220,201.00,364.00,101.00,187.00
76223,201.00,364.00,101.00,187.00
77224,201.00,361.00,101.00,186.00
78227,200.00,360.00,100.00,186.00
79229,200.00,359.00,100.00,186.00
80232,200.00,358.00,100.00,186.00
81234,199.00,357.00,100.00,186.00
82237,198.00,357.00,100.00,186.00
83239,198.00,358.00,100.00,186.00
84242,198.00,360.00,100.00,186.00
85244,198.00,360.00,100.00,186.00
86247,198.00,361.00,100.00,186.00
87249,197.00,362.00,100.00,186.00
88252,198.00,363.00,100.00,186.00
89254,198.00,364.00,100.00,186.00
90256,198.00,365.00,99.00,185.00
91258,198.00,365.00,99.00,185.00
92261,198.00,365.00,99.00,185.00
93263,198.00,366.00,99.00,184.00
94266,198.00,366.00,99.00,184.00
95268,198.00,366.00,99.00,184.00
96271,198.00,365.00,99.00,184.00
97273,198.00,364.00,99.00,184.00
98275,197.00,363.00,99.00,184.00
99277,197.00,361.00,99.00,184.00
100280,196.00,359.00,99.00,184.00
101282,196.00,358.00,99.00,184.00
102285,196.00,358.00,99.00,184.00
103287,195.00,358.00,99.00,184.00
104290,195.00,357.00,99.00,185.00
105292,195.00,356.00,99.00,184.00
106295,194.00,353.00,99.00,184.00
107297,194.00,352.00,99.00,185.00
108300,194.00,353.00,99.00,185.00
109302,194.00,352.00,99.00,184.00
110304,194.00,352.00,99.00,184.00
111306,194.00,352.00,99.00,184.00
112309,195.00,352.00,99.00,184.00
113311,195.00,352.00,99.00,184.00
114314,195.00,352.00,99.00,184.00
115316,195.00,352.00,99.00,184.00
116319,195.00,352.00,99.00,184.00
117321,194.00,352.00,99.00,184.00
118324,194.00,352.00,99.00,184.00
119326,194.00,351.00,99.00,184.00
120329,194.00,351.00,98.00,183.00
121331,193.00,351.00,98.00,183.00
122333,193.00,351.00,98.00,183.00
123335,193.00,351.00,98.00,183.00
124338,193.00,351.00,98.00,183.00
125340,193.00,351.00,98.00,183.00
126343,192.00,351.00,98.00,183.00
127345,192.00,351.00,98.00,182.00
128348,192.00,350.00,98.00,182.00
129350,192.00,350.00,98.00,182.00
130353,191.00,350.00,98.00,182.00
131355,191.00,350.00,98.00,182.00
132358,191.00,350.00,98.00,182.00
133360,191.00,350.00,98.00,182.00
134363,191.00,350.00,98.00,182.00
135364,191.00,350.00,97.00,181.00
136367,190.00,349.00,97.00,181.00
137369,190.00,348.00,97.00,181.00
138372,190.00,348.00,97.00,181.00
139374,190.00,349.00,97.00,181.00
140377,190.00,350.00,97.00,181.00
141379,190.00,350.00,97.00,181.00
142382,190.00,351.00,97.00,180.00
143384,191.00,351.00,97.00,180.00
144387,191.00,352.00,96.00,180.00
145389,191.00,352.00,96.00,180.00
146392,191.00,352.00,96.00,179.00
147394,191.00,352.00,96.00,179.00
148396,192.00,352.00,96.00,179.00
149398,192.00,352.00,96.00,179.00
150401,192.00,352.00,96.00,178.00
151403,192.00,352.00,95.00,178.00
152406,192.00,351.00,95.00,178.00
153408,192.00,351.00,95.00,178.00
154411,192.00,350.00,95.00,178.00
155413,192.00,350.00,95.00,177.00
156416,192.00,350.00,94.00,177.00
157418,192.00,350.00,94.00,177.00
158420,192.00,349.00,94.00,177.00
159423,192.00,348.00,94.00,177.00
160425,191.00,348.00,94.00,177.00
161427,191.00,349.00,94.00,177.00
162429,191.00,349.00,94.00,177.00
163432,191.00,348.00,94.00,177.00
164434,190.00,348.00,94.00,177.00
165437,190.00,348.00,94.00,177.00
166439,190.00,348.00,94.00,176.00
167442,190.00,348.00,94.00,176.00
168444,190.00,347.00,94.00,176.00
169447,190.00,347.00,94.00,176.00
170449,190.00,346.00,94.00,176.00
171452,190.00,345.00,94.00,176.00
172454,189.00,344.00,93.00,176.00
173456,189.00,344.00,93.00,176.00
174458,189.00,344.00,93.00,176.00
175461,188.00,343.00,93.00,176.00
176463,188.00,342.00,93.00,176.00
177466,188.00,339.00,93.00,175.00
178468,187.00,337.00,93.00,175.00
179471,187.00,336.00,93.00,175.00
180473,187.00,335.00,93.00,175.00
Measurement complete.