  MQ Gas Sensor Data Logger
Press the reset button to start measurements.
1009,179.00,308.00,85.00,159.00
2043,178.00,308.00,85.00,159.00
3046,178.00,307.00,85.00,159.00
4047,178.00,307.00,85.00,159.00
5050,178.00,307.00,85.00,159.00
6052,178.00,307.00,85.00,159.00
7055,178.00,307.00,85.00,159.00
8057,178.00,306.00,85.00,159.00
9060,178.00,306.00,85.00,159.00
10061,178.00,306.00,85.00,159.00
11064,178.00,306.00,85.00,159.00
12066,178.00,305.00,85.00,159.00
13069,178.00,305.00,85.00,158.00
14071,178.00,305.00,85.00,159.00
15074,178.00,305.00,85.00,158.00
16076,178.00,305.00,85.00,158.00
17079,178.00,304.00,85.00,158.00
18080,178.00,304.00,85.00,158.00
19083,178.00,304.00,85.00,158.00
20085,178.00,304.00,85.00,158.00
21088,178.00,304.00,85.00,158.00
22090,177.00,304.00,85.00,158.00
23093,178.00,304.00,85.00,158.00
24095,178.00,304.00,85.00,158.00
25098,177.00,303.00,85.00,158.00
26099,177.00,303.00,85.00,158.00
27102,177.00,303.00,85.00,158.00
28104,177.00,303.00,85.00,158.00
29107,177.00,303.00,85.00,158.00
30109,177.00,303.00,85.00,158.00
31112,177.00,303.00,85.00,158.00
32114,177.00,302.00,85.00,158.00
33117,177.00,302.00,85.00,158.00
34118,177.00,302.00,85.00,158.00
35121,177.00,302.00,85.00,158.00
36123,177.00,302.00,85.00,157.00
37126,177.00,302.00,85.00,157.00
38128,176.00,302.00,85.00,157.00
39131,176.00,302.00,84.00,157.00
40133,176.00,302.00,85.00,157.00
41136,176.00,301.00,85.00,157.00
42137,176.00,301.00,85.00,157.00
43140,176.00,301.00,85.00,157.00
44142,176.00,301.00,85.00,157.00
45145,176.00,301.00,84.00,157.00
46147,176.00,301.00,84.00,157.00
47150,176.00,301.00,84.00,157.00
48152,176.00,301.00,84.00,157.00
49155,176.00,301.00,84.00,157.00
50156,176.00,300.00,84.00,156.00
51159,176.00,300.00,84.00,156.00
52161,176.00,300.00,84.00,156.00
53164,176.00,300.00,84.00,156.00
54166,176.00,300.00,84.00,156.00
55169,176.00,300.00,84.00,156.00
56171,176.00,300.00,84.00,156.00
57174,176.00,300.00,84.00,156.00
58175,176.00,300.00,84.00,156.00
59177,176.00,300.00,84.00,156.00
60180,176.00,300.00,84.00,156.00
61182,176.00,300.00,84.00,156.00
62185,176.00,300.00,84.00,156.00
63187,176.00,299.00,84.00,156.00
64190,176.00,299.00,84.00,156.00
65192,176.00,299.00,84.00,156.00
66194,176.00,299.00,84.00,156.00
67196,176.00,299.00,84.00,156.00
68199,176.00,299.00,84.00,156.00
69201,176.00,298.00,84.00,156.00
70204,176.00,298.00,84.00,156.00
71206,176.00,298.00,84.00,156.00
72209,176.00,298.00,84.00,155.00
73211,176.00,298.00,84.00,155.00
74213,176.00,298.00,84.00,155.00
75215,176.00,297.00,84.00,155.00
76218,176.00,297.00,84.00,155.00
77220,176.00,297.00,84.00,155.00
78223,176.00,297.00,84.00,155.00
79225,176.00,297.00,84.00,155.00
80228,175.00,296.00,84.00,155.00
81230,175.00,296.00,84.00,155.00
82232,175.00,296.00,84.00,155.00
83234,175.00,296.00,84.00,155.00
84237,175.00,296.00,84.00,155.00
85239,175.00,295.00,84.00,155.00
86242,175.00,295.00,84.00,155.00
87244,175.00,295.00,83.00,155.00
88247,175.00,295.00,83.00,155.00
89249,175.00,294.00,84.00,155.00
90251,175.00,294.00,84.00,154.00
91253,175.00,294.00,83.00,154.00
92256,175.00,294.00,83.00,154.00
93258,175.00,294.00,83.00,154.00
94261,175.00,294.00,83.00,154.00
95263,174.00,293.00,83.00,154.00
96266,174.00,293.00,83.00,154.00
97268,174.00,293.00,83.00,154.00
98270,175.00,293.00,83.00,154.00
99272,174.00,293.00,83.00,154.00
100275,174.00,292.00,83.00,154.00
101277,174.00,292.00,83.00,154.00
102280,174.00,292.00,83.00,154.00
103282,174.00,292.00,83.00,154.00
104285,174.00,292.00,83.00,154.00
105287,174.00,292.00,83.00,154.00
106290,174.00,292.00,83.00,154.00
107292,174.00,292.00,83.00,153.00
108295,174.00,292.00,83.00,153.00
109296,174.00,292.00,83.00,154.00
110299,174.00,292.00,83.00,153.00
111301,174.00,292.00,83.00,153.00
112304,174.00,291.00,83.00,153.00
113306,174.00,291.00,83.00,153.00
114309,174.00,291.00,83.00,153.00
115311,174.00,291.00,83.00,153.00
116314,174.00,291.00,83.00,153.00
117316,174.00,291.00,82.00,153.00
118319,174.00,291.00,82.00,153.00
119321,174.00,291.00,83.00,153.00
120324,174.00,291.00,82.00,153.00
121326,174.00,290.00,82.00,153.00
122328,174.00,291.00,82.00,152.00
123330,174.00,291.00,82.00,152.00
124333,174.00,291.00,82.00,152.00
125335,174.00,290.00,82.00,152.00
126338,174.00,290.00,82.00,152.00
127340,174.00,290.00,82.00,152.00
128343,174.00,289.00,82.00,152.00
129345,173.00,289.00,82.00,152.00
130348,173.00,289.00,82.00,152.00
131350,173.00,289.00,82.00,152.00
132353,173.00,289.00,82.00,152.00
133355,173.00,289.00,82.00,152.00
134358,173.00,288.00,82.00,152.00
135359,173.00,288.00,82.00,152.00
136361,173.00,288.00,82.00,152.00
137364,173.00,288.00,82.00,152.00
138366,173.00,288.00,82.00,152.00
139369,173.00,288.00,82.00,152.00
140371,173.00,288.00,82.00,152.00
141374,173.00,288.00,82.00,151.00
142376,173.00,288.00,82.00,151.00
143379,173.00,288.00,82.00,151.00
144381,173.00,288.00,82.00,151.00
145384,173.00,288.00,82.00,151.00
146386,173.00,288.00,82.00,151.00
147389,173.00,287.00,82.00,151.00
148390,173.00,287.00,82.00,151.00
149393,172.00,287.00,82.00,151.00
150395,172.00,286.00,82.00,151.00
151398,172.00,286.00,82.00,151.00
152400,172.00,286.00,82.00,151.00
153403,172.00,286.00,82.00,151.00
154405,172.00,286.00,82.00,150.00
155408,172.00,285.00,82.00,150.00
156410,172.00,285.00,82.00,150.00
157413,172.00,285.00,82.00,150.00
158415,172.00,285.00,82.00,150.00
159418,172.00,285.00,82.00,150.00
160419,172.00,284.00,82.00,150.00
161422,172.00,285.00,82.00,150.00
162424,172.00,285.00,82.00,150.00
163427,171.00,284.00,82.00,150.00
164429,171.00,284.00,82.00,150.00
165432,171.00,284.00,82.00,150.00
166434,171.00,283.00,82.00,150.00
167437,171.00,283.00,82.00,150.00
168439,171.00,282.00,82.00,150.00
169442,171.00,282.00,82.00,150.00
170444,170.00,282.00,82.00,150.00
171447,170.00,282.00,82.00,150.00
172449,170.00,282.00,82.00,150.00
173451,170.00,281.00,82.00,150.00
174453,170.00,281.00,82.00,150.00
175456,170.00,281.00,82.00,150.00
176458,170.00,281.00,82.00,149.00
177461,170.00,281.00,81.00,149.00
178463,170.00,280.00,81.00,149.00
179466,170.00,280.00,81.00,149.00
180468,169.00,280.00,81.00,149.00
Measurement complete.