MQ Gas Sensor Data Logger
Press the reset button to start measurements.
1009,213.00,387.00,112.00,199.00
2044,213.00,387.00,113.00,200.00
3047,213.00,387.00,113.00,200.00
4049,213.00,387.00,113.00,200.00
5051,214.00,388.00,113.00,200.00
6053,214.00,388.00,113.00,201.00
7056,214.00,388.00,113.00,201.00
8058,214.00,388.00,114.00,201.00
9061,214.00,389.00,114.00,202.00
10063,214.00,389.00,114.00,202.00
11066,214.00,389.00,114.00,202.00
12068,214.00,389.00,114.00,203.00
13071,215.00,388.00,114.00,203.00
14072,215.00,388.00,114.00,203.00
15075,215.00,389.00,114.00,203.00
16077,216.00,389.00,114.00,204.00
17080,216.00,389.00,114.00,204.00
18082,216.00,389.00,114.00,204.00
19085,216.00,389.00,114.00,204.00
20087,216.00,390.00,114.00,204.00
21090,216.00,389.00,114.00,205.00
22092,216.00,389.00,114.00,205.00
23095,216.00,390.00,114.00,205.00
24097,216.00,389.00,115.00,205.00
25100,217.00,389.00,115.00,206.00
26102,216.00,389.00,115.00,206.00
27104,216.00,389.00,115.00,206.00
28106,216.00,388.00,115.00,206.00
29109,216.00,388.00,114.00,206.00
30111,216.00,388.00,114.00,206.00
31114,216.00,388.00,114.00,206.00
32116,215.00,388.00,114.00,205.00
33119,215.00,387.00,113.00,205.00
34121,215.00,387.00,113.00,205.00
35124,215.00,386.00,113.00,204.00
36126,215.00,386.00,113.00,204.00
37129,215.00,385.00,113.00,204.00
38131,215.00,385.00,113.00,204.00
39133,215.00,385.00,113.00,204.00
40135,215.00,385.00,113.00,204.00
41138,215.00,385.00,113.00,205.00
42140,215.00,385.00,113.00,205.00
43143,215.00,385.00,113.00,205.00
44145,215.00,384.00,113.00,205.00
45148,215.00,384.00,113.00,205.00
46150,215.00,384.00,113.00,205.00
47153,215.00,384.00,113.00,205.00
48155,215.00,384.00,113.00,206.00
49158,215.00,383.00,113.00,205.00
50160,215.00,383.00,113.00,205.00
51163,215.00,383.00,113.00,206.00
52164,214.00,383.00,113.00,205.00
53167,214.00,382.00,113.00,206.00
54169,214.00,382.00,113.00,205.00
55172,213.00,382.00,113.00,206.00
56174,213.00,381.00,113.00,206.00
57177,213.00,381.00,113.00,206.00
58179,213.00,381.00,113.00,206.00
59182,213.00,381.00,112.00,206.00
60184,213.00,381.00,112.00,206.00
61187,213.00,381.00,112.00,205.00
62189,213.00,380.00,112.00,206.00
63192,213.00,380.00,112.00,206.00
64194,213.00,380.00,112.00,206.00
65196,213.00,380.00,112.00,206.00
66198,213.00,380.00,112.00,206.00
67201,213.00,379.00,112.00,206.00
68203,212.00,379.00,112.00,205.00
69206,212.00,379.00,112.00,205.00
70208,212.00,379.00,113.00,205.00
71211,211.00,378.00,112.00,205.00
72213,211.00,378.00,112.00,205.00
73216,211.00,378.00,113.00,205.00
74218,211.00,378.00,113.00,205.00
75220,211.00,378.00,112.00,205.00
76223,211.00,378.00,113.00,205.00
77225,210.00,378.00,112.00,205.00
78227,210.00,377.00,112.00,205.00
79229,211.00,377.00,112.00,205.00
80232,210.00,377.00,112.00,205.00
81234,210.00,377.00,112.00,205.00
82237,211.00,377.00,112.00,205.00
83239,211.00,376.00,112.00,205.00
84242,211.00,376.00,112.00,205.00
85244,211.00,375.00,111.00,205.00
86247,212.00,375.00,111.00,204.00
87249,212.00,376.00,110.00,204.00
88252,211.00,374.00,110.00,204.00
89254,211.00,373.00,110.00,203.00
90256,211.00,372.00,110.00,203.00
91258,210.00,372.00,110.00,203.00
92261,211.00,372.00,110.00,202.00
93263,211.00,372.00,110.00,202.00
94266,211.00,372.00,109.00,201.00
95268,211.00,372.00,109.00,201.00
96271,211.00,372.00,109.00,201.00
97273,211.00,372.00,109.00,201.00
98276,211.00,372.00,109.00,200.00
99278,210.00,371.00,109.00,200.00
100281,210.00,372.00,109.00,200.00
101283,210.00,372.00,109.00,200.00
102286,210.00,372.00,109.00,200.00
103288,210.00,373.00,109.00,200.00
104291,210.00,373.00,110.00,200.00
105292,209.00,373.00,110.00,200.00
106295,209.00,372.00,110.00,201.00
107297,209.00,372.00,110.00,201.00
108300,209.00,371.00,110.00,201.00
109302,209.00,371.00,110.00,201.00
110305,209.00,371.00,110.00,201.00
111307,209.00,371.00,110.00,201.00
112310,209.00,370.00,110.00,201.00
113312,210.00,370.00,110.00,200.00
114315,210.00,370.00,110.00,200.00
115317,210.00,370.00,109.00,200.00
116320,210.00,370.00,109.00,200.00
117322,209.00,370.00,109.00,200.00
118325,209.00,370.00,109.00,200.00
119327,208.00,370.00,109.00,199.00
120330,208.00,369.00,109.00,199.00
121332,208.00,369.00,109.00,199.00
122335,208.00,369.00,109.00,200.00
123337,207.00,369.00,109.00,199.00
124340,207.00,369.00,109.00,199.00
125342,208.00,368.00,109.00,199.00
126345,208.00,369.00,109.00,199.00
127347,208.00,370.00,108.00,198.00
128350,208.00,367.00,108.00,197.00
129352,208.00,365.00,108.00,197.00
130355,207.00,364.00,108.00,197.00
131356,207.00,364.00,108.00,196.00
132359,206.00,363.00,108.00,196.00
133361,206.00,363.00,108.00,196.00
134364,206.00,363.00,108.00,196.00
135366,206.00,364.00,108.00,196.00
136369,206.00,365.00,108.00,196.00
137371,206.00,365.00,108.00,196.00
138374,206.00,366.00,108.00,196.00
139376,206.00,366.00,108.00,196.00
140379,206.00,366.00,108.00,196.00
141381,206.00,366.00,108.00,196.00
142384,205.00,366.00,108.00,196.00
143386,205.00,366.00,108.00,196.00
144389,205.00,366.00,108.00,196.00
145391,205.00,366.00,108.00,196.00
146394,205.00,365.00,108.00,195.00
147396,205.00,365.00,108.00,196.00
148399,205.00,365.00,108.00,195.00
149401,205.00,365.00,108.00,195.00
150404,204.00,364.00,107.00,195.00
151406,204.00,364.00,107.00,195.00
152409,204.00,364.00,107.00,195.00
153411,204.00,364.00,107.00,195.00
154414,204.00,364.00,107.00,195.00
155416,204.00,364.00,106.00,194.00
156419,203.00,363.00,106.00,194.00
157420,203.00,363.00,106.00,193.00
158423,203.00,362.00,106.00,193.00
159425,203.00,361.00,106.00,193.00
160428,202.00,360.00,105.00,193.00
161430,202.00,360.00,105.00,193.00
162433,202.00,360.00,105.00,193.00
163435,202.00,361.00,105.00,192.00
164438,202.00,361.00,104.00,192.00
165440,202.00,362.00,104.00,191.00
166443,202.00,362.00,104.00,190.00
167445,202.00,362.00,103.00,190.00
168448,202.00,362.00,103.00,190.00
169450,202.00,362.00,103.00,190.00
170452,202.00,362.00,103.00,190.00
171455,202.00,362.00,103.00,190.00
172457,202.00,362.00,103.00,190.00
173460,202.00,362.00,103.00,190.00
174462,202.00,362.00,103.00,190.00
175465,202.00,361.00,103.00,190.00
176467,202.00,360.00,103.00,190.00
177470,201.00,359.00,103.00,190.00
178472,201.00,359.00,104.00,190.00
179475,201.00,359.00,104.00,190.00
180477,201.00,359.00,104.00,190.00
Measurement complete.