 MQ Gas Sensor Data Logger
Press the reset button to start measurements.
1009,258.00,407.00,106.00,208.00
2044,259.00,407.00,107.00,210.00
3047,259.00,407.00,107.00,211.00
4049,260.00,407.00,108.00,211.00
5051,260.00,406.00,108.00,212.00
6053,260.00,405.00,109.00,213.00
7056,260.00,404.00,109.00,214.00
8058,260.00,404.00,110.00,214.00
9061,260.00,404.00,111.00,215.00
10063,260.00,402.00,111.00,216.00
11066,260.00,401.00,112.00,217.00
12068,260.00,400.00,112.00,218.00
13071,259.00,400.00,113.00,218.00
14073,259.00,399.00,113.00,218.00
15075,259.00,398.00,114.00,219.00
16077,259.00,397.00,114.00,219.00
17080,259.00,396.00,115.00,219.00
18082,259.00,396.00,116.00,220.00
19085,259.00,395.00,116.00,220.00
20087,259.00,395.00,117.00,220.00
21090,259.00,394.00,117.00,221.00
22092,259.00,393.00,117.00,221.00
23095,258.00,393.00,117.00,220.00
24097,258.00,392.00,117.00,221.00
25100,257.00,392.00,117.00,220.00
26102,256.00,390.00,116.00,219.00
27105,255.00,389.00,115.00,219.00
28106,256.00,390.00,116.00,219.00
29109,256.00,390.00,116.00,219.00
30111,256.00,390.00,116.00,219.00
31114,255.00,389.00,115.00,219.00
32116,254.00,389.00,115.00,218.00
33119,254.00,388.00,114.00,218.00
34121,254.00,389.00,114.00,218.00
35124,255.00,390.00,114.00,218.00
36126,256.00,390.00,114.00,219.00
37129,256.00,390.00,115.00,219.00
38131,256.00,390.00,114.00,219.00
39134,255.00,389.00,114.00,219.00
40135,254.00,388.00,114.00,218.00
41138,254.00,387.00,114.00,218.00
42140,254.00,386.00,113.00,218.00
43143,253.00,386.00,113.00,217.00
44145,255.00,388.00,114.00,218.00
45148,256.00,387.00,114.00,218.00
46150,256.00,388.00,115.00,219.00
47153,256.00,387.00,115.00,219.00
48155,256.00,387.00,115.00,219.00
49158,257.00,387.00,115.00,219.00
50160,258.00,387.00,115.00,220.00
51163,257.00,386.00,115.00,219.00
52165,257.00,385.00,115.00,219.00
53167,256.00,384.00,114.00,218.00
54169,256.00,384.00,114.00,218.00
55172,256.00,384.00,114.00,218.00
56174,256.00,384.00,114.00,218.00
57177,256.00,385.00,115.00,218.00
58179,257.00,385.00,115.00,219.00
59182,257.00,384.00,115.00,219.00
60184,257.00,384.00,115.00,219.00
61187,257.00,383.00,115.00,219.00
62189,257.00,383.00,115.00,219.00
63192,257.00,383.00,115.00,220.00
64194,258.00,384.00,116.00,220.00
65197,257.00,383.00,115.00,220.00
66199,256.00,382.00,115.00,219.00
67201,255.00,382.00,114.00,218.00
68203,254.00,381.00,113.00,217.00
69206,254.00,380.00,113.00,216.00
70208,253.00,380.00,113.00,215.00
71211,252.00,379.00,112.00,215.00
72213,252.00,379.00,112.00,214.00
73216,252.00,378.00,112.00,214.00
74218,251.00,378.00,112.00,213.00
75220,251.00,377.00,112.00,213.00
76223,251.00,377.00,112.00,213.00
77225,251.00,377.00,111.00,213.00
78228,251.00,377.00,111.00,213.00
79229,251.00,377.00,111.00,212.00
80232,251.00,377.00,111.00,212.00
81234,251.00,377.00,111.00,212.00
82237,252.00,377.00,110.00,212.00
83239,252.00,377.00,110.00,211.00
84242,252.00,377.00,110.00,211.00
85244,252.00,377.00,110.00,211.00
86247,252.00,377.00,110.00,211.00
87249,252.00,377.00,110.00,211.00
88252,252.00,377.00,110.00,211.00
89254,252.00,377.00,110.00,211.00
90257,252.00,377.00,110.00,211.00
91259,252.00,378.00,110.00,211.00
92261,254.00,381.00,110.00,211.00
93263,255.00,384.00,110.00,212.00
94266,256.00,387.00,111.00,212.00
95268,256.00,389.00,111.00,212.00
96271,257.00,390.00,111.00,212.00
97273,257.00,390.00,111.00,212.00
98276,257.00,389.00,110.00,212.00
99278,256.00,388.00,110.00,212.00
100281,256.00,388.00,110.00,212.00
101283,256.00,387.00,110.00,212.00
102286,256.00,387.00,110.00,212.00
103288,256.00,387.00,110.00,212.00
104291,256.00,386.00,110.00,212.00
105293,256.00,386.00,110.00,212.00
106296,256.00,387.00,110.00,212.00
107298,256.00,387.00,109.00,212.00
108301,256.00,387.00,110.00,212.00
109303,256.00,386.00,110.00,212.00
110306,256.00,386.00,110.00,212.00
111308,256.00,386.00,110.00,212.00
112310,256.00,386.00,110.00,212.00
113312,256.00,385.00,110.00,212.00
114315,256.00,385.00,110.00,212.00
115317,255.00,384.00,110.00,211.00
116320,255.00,384.00,110.00,211.00
117322,255.00,384.00,110.00,211.00
118325,256.00,384.00,111.00,211.00
119327,256.00,384.00,111.00,212.00
120330,256.00,384.00,111.00,212.00
121332,257.00,384.00,111.00,212.00
122335,257.00,384.00,111.00,212.00
123337,257.00,384.00,111.00,213.00
124340,257.00,384.00,111.00,213.00
125342,257.00,384.00,111.00,212.00
126345,257.00,383.00,111.00,212.00
127347,257.00,383.00,111.00,212.00
128350,257.00,383.00,111.00,212.00
129352,256.00,382.00,111.00,212.00
130355,256.00,382.00,111.00,211.00
131357,255.00,381.00,111.00,211.00
132360,255.00,381.00,111.00,210.00
133362,256.00,382.00,111.00,211.00
134365,256.00,382.00,111.00,210.00
135367,256.00,382.00,111.00,211.00
136370,256.00,382.00,111.00,210.00
137372,256.00,382.00,111.00,210.00
138375,256.00,382.00,111.00,210.00
139377,256.00,382.00,111.00,210.00
140380,256.00,381.00,111.00,210.00
141382,256.00,382.00,111.00,210.00
142385,257.00,382.00,112.00,210.00
143386,257.00,382.00,112.00,211.00
144389,257.00,383.00,112.00,211.00
145391,258.00,383.00,113.00,211.00
146394,258.00,383.00,112.00,212.00
147396,258.00,383.00,112.00,211.00
148399,258.00,383.00,113.00,212.00
149401,258.00,383.00,112.00,212.00
150404,258.00,383.00,112.00,212.00
151406,257.00,382.00,112.00,212.00
152409,257.00,382.00,112.00,211.00
153411,257.00,382.00,112.00,211.00
154414,257.00,382.00,112.00,211.00
155416,256.00,382.00,111.00,210.00
156419,256.00,382.00,111.00,210.00
157421,255.00,382.00,111.00,209.00
158424,255.00,382.00,110.00,209.00
159426,256.00,382.00,110.00,209.00
160429,256.00,383.00,110.00,209.00
161431,256.00,384.00,111.00,209.00
162434,256.00,384.00,110.00,209.00
163436,256.00,384.00,111.00,209.00
164439,256.00,385.00,110.00,209.00
165441,256.00,385.00,110.00,209.00
166444,256.00,386.00,110.00,209.00
167446,257.00,386.00,111.00,209.00
168449,257.00,387.00,110.00,209.00
169451,257.00,388.00,110.00,209.00
170454,257.00,389.00,110.00,209.00
171456,257.00,391.00,110.00,209.00
172459,258.00,391.00,110.00,209.00
173461,258.00,392.00,110.00,209.00
174462,258.00,392.00,110.00,210.00
175465,258.00,392.00,110.00,210.00
176467,258.00,392.00,111.00,210.00
177470,258.00,391.00,110.00,210.00
178472,257.00,390.00,110.00,210.00
179475,256.00,389.00,110.00,209.00
180477,256.00,389.00,109.00,209.00
Measurement complete.
