S MQ Gas Sensor Data Logger
Press the reset button to start measurements.
1009,309.00,401.00,106.00,186.00
2044,310.00,401.00,106.00,186.00
3047,309.00,400.00,106.00,186.00
4049,309.00,400.00,106.00,186.00
5051,309.00,400.00,106.00,186.00
6053,309.00,399.00,105.00,186.00
7056,309.00,399.00,105.00,186.00
8058,309.00,399.00,105.00,186.00
9061,309.00,399.00,105.00,186.00
10063,309.00,399.00,105.00,187.00
11066,309.00,399.00,106.00,187.00
12068,309.00,399.00,106.00,187.00
13071,309.00,399.00,106.00,187.00
14073,309.00,399.00,106.00,187.00
15075,309.00,399.00,106.00,188.00
16077,309.00,399.00,105.00,188.00
17080,309.00,399.00,106.00,188.00
18082,310.00,399.00,106.00,188.00
19085,310.00,399.00,106.00,188.00
20087,309.00,399.00,106.00,188.00
21090,309.00,398.00,106.00,188.00
22092,309.00,398.00,106.00,188.00
23095,309.00,398.00,106.00,189.00
24097,309.00,398.00,106.00,189.00
25100,309.00,398.00,106.00,189.00
26102,309.00,398.00,106.00,189.00
27105,309.00,398.00,106.00,189.00
28106,310.00,398.00,106.00,189.00
29109,310.00,399.00,106.00,190.00
30111,310.00,398.00,106.00,190.00
31114,310.00,398.00,106.00,190.00
32116,309.00,398.00,106.00,190.00
33119,309.00,398.00,106.00,190.00
34121,309.00,398.00,106.00,190.00
35124,309.00,398.00,106.00,190.00
36126,309.00,398.00,106.00,190.00
37129,309.00,398.00,106.00,190.00
38131,310.00,398.00,106.00,190.00
39134,309.00,398.00,106.00,190.00
40136,309.00,397.00,106.00,190.00
41138,310.00,398.00,105.00,191.00
42140,310.00,397.00,106.00,191.00
43143,310.00,397.00,106.00,191.00
44145,310.00,398.00,106.00,191.00
45148,310.00,398.00,106.00,191.00
46150,310.00,398.00,106.00,192.00
47153,310.00,398.00,106.00,192.00
48155,310.00,398.00,106.00,192.00
49158,310.00,398.00,106.00,193.00
50160,310.00,398.00,106.00,193.00
51163,310.00,398.00,107.00,193.00
52165,309.00,398.00,107.00,193.00
53168,309.00,398.00,107.00,194.00
54169,309.00,398.00,107.00,194.00
55172,308.00,398.00,107.00,194.00
56174,308.00,398.00,107.00,194.00
57177,308.00,398.00,107.00,194.00
58179,308.00,398.00,107.00,194.00
59182,307.00,398.00,107.00,194.00
60184,307.00,398.00,107.00,195.00
61187,307.00,398.00,107.00,195.00
62189,307.00,398.00,107.00,195.00
63192,306.00,398.00,107.00,195.00
64194,306.00,398.00,107.00,195.00
65197,306.00,398.00,107.00,195.00
66199,306.00,398.00,107.00,195.00
67202,306.00,398.00,107.00,195.00
68203,306.00,398.00,107.00,195.00
69206,305.00,398.00,107.00,195.00
70208,305.00,398.00,107.00,195.00
71211,304.00,398.00,107.00,196.00
72213,304.00,398.00,107.00,196.00
73216,304.00,398.00,107.00,196.00
74218,303.00,398.00,107.00,196.00
75220,303.00,398.00,107.00,196.00
76223,303.00,398.00,107.00,196.00
77225,302.00,398.00,107.00,196.00
78228,302.00,398.00,107.00,196.00
79230,302.00,398.00,107.00,196.00
80233,301.00,398.00,107.00,196.00
81234,301.00,398.00,107.00,196.00
82237,301.00,398.00,107.00,196.00
83239,301.00,397.00,107.00,196.00
84242,300.00,397.00,107.00,196.00
85244,300.00,397.00,107.00,195.00
86247,299.00,397.00,106.00,195.00
87249,299.00,397.00,106.00,196.00
88252,299.00,397.00,106.00,195.00
89254,300.00,397.00,106.00,195.00
90257,300.00,397.00,106.00,195.00
91259,299.00,395.00,106.00,194.00
92262,298.00,395.00,105.00,194.00
93264,298.00,395.00,105.00,194.00
94266,297.00,394.00,105.00,193.00
95268,297.00,394.00,105.00,193.00
96271,297.00,393.00,104.00,193.00
97273,297.00,393.00,105.00,193.00
98276,298.00,393.00,105.00,193.00
99278,298.00,393.00,104.00,193.00
100281,298.00,393.00,105.00,193.00
101283,298.00,393.00,105.00,193.00
102286,298.00,394.00,104.00,193.00
103288,298.00,394.00,105.00,193.00
104291,298.00,394.00,104.00,193.00
105293,298.00,394.00,104.00,193.00
106296,298.00,394.00,105.00,194.00
107298,299.00,395.00,105.00,194.00
108301,299.00,395.00,105.00,194.00
109303,299.00,395.00,105.00,194.00
110306,299.00,395.00,105.00,194.00
111308,300.00,395.00,105.00,194.00
112311,300.00,395.00,105.00,194.00
113313,300.00,395.00,105.00,195.00
114316,299.00,395.00,105.00,195.00
115318,299.00,395.00,105.00,194.00
116321,299.00,394.00,105.00,195.00
117323,298.00,394.00,105.00,195.00
118326,298.00,394.00,105.00,195.00
119327,298.00,394.00,105.00,195.00
120330,298.00,394.00,105.00,195.00
121332,297.00,394.00,105.00,195.00
122335,297.00,394.00,105.00,195.00
123337,297.00,394.00,105.00,194.00
124340,297.00,394.00,105.00,194.00
125342,297.00,394.00,105.00,194.00
126345,297.00,394.00,105.00,195.00
127347,297.00,395.00,105.00,194.00
128350,297.00,394.00,105.00,195.00
129352,297.00,394.00,105.00,194.00
130355,297.00,394.00,105.00,194.00
131357,297.00,394.00,105.00,194.00
132360,297.00,394.00,105.00,194.00
133362,297.00,393.00,105.00,194.00
134365,297.00,393.00,105.00,194.00
135367,296.00,393.00,105.00,194.00
136370,296.00,392.00,105.00,194.00
137372,296.00,392.00,105.00,194.00
138375,295.00,392.00,105.00,194.00
139377,295.00,391.00,105.00,194.00
140380,295.00,391.00,105.00,194.00
141382,295.00,391.00,105.00,194.00
142385,294.00,391.00,104.00,193.00
143387,294.00,391.00,104.00,193.00
144390,294.00,391.00,104.00,193.00
145392,294.00,390.00,104.00,193.00
146395,294.00,390.00,104.00,193.00
147397,293.00,389.00,103.00,192.00
148400,293.00,390.00,104.00,193.00
149402,293.00,390.00,103.00,192.00
150405,293.00,390.00,103.00,192.00
151406,293.00,390.00,103.00,193.00
152409,293.00,389.00,103.00,192.00
153411,293.00,389.00,103.00,192.00
154414,293.00,389.00,103.00,192.00
155416,293.00,389.00,103.00,192.00
156419,292.00,388.00,103.00,192.00
157421,292.00,388.00,103.00,192.00
158424,292.00,388.00,103.00,192.00
159426,291.00,387.00,103.00,191.00
160429,290.00,387.00,102.00,191.00
161431,290.00,387.00,102.00,190.00
162434,288.00,384.00,102.00,189.00
163436,288.00,384.00,102.00,189.00
164439,287.00,383.00,101.00,188.00
165441,287.00,383.00,101.00,188.00
166444,287.00,383.00,101.00,188.00
167446,287.00,383.00,101.00,187.00
168449,287.00,383.00,101.00,187.00
169451,287.00,383.00,101.00,187.00
170454,286.00,382.00,101.00,187.00
171456,286.00,382.00,101.00,186.00
172459,286.00,381.00,100.00,186.00
173461,286.00,381.00,100.00,186.00
174464,286.00,380.00,100.00,186.00
175466,286.00,380.00,100.00,185.00
176468,286.00,380.00,100.00,185.00
177471,286.00,380.00,100.00,185.00
178473,286.00,380.00,100.00,185.00
179476,286.00,380.00,100.00,185.00
180478,286.00,379.00,100.00,185.00
Measurement complete.