MQ Gas Sensor Data Logger
Press the reset button to start measurements.
1009,360.00,495.00,161.00,269.00
2044,358.00,488.00,160.00,270.00
3047,369.00,502.00,164.00,282.00
4049,373.00,505.00,166.00,289.00
5051,375.00,506.00,167.00,294.00
6053,380.00,510.00,168.00,300.00
7056,384.00,513.00,169.00,305.00
8058,387.00,516.00,170.00,310.00
9061,391.00,519.00,170.00,315.00
10063,395.00,522.00,169.00,318.00
11066,398.00,523.00,168.00,321.00
12068,402.00,525.00,167.00,324.00
13071,405.00,526.00,166.00,326.00
14073,408.00,528.00,166.00,329.00
15075,409.00,528.00,166.00,331.00
16077,410.00,529.00,166.00,333.00
17080,410.00,529.00,167.00,334.00
18082,410.00,528.00,167.00,336.00
19085,412.00,529.00,168.00,337.00
20087,414.00,529.00,170.00,340.00
21090,414.00,528.00,170.00,341.00
22092,422.00,538.00,175.00,350.00
23095,414.00,527.00,173.00,345.00
24097,415.00,527.00,174.00,347.00
25100,415.00,526.00,175.00,349.00
26102,416.00,526.00,177.00,352.00
27105,413.00,523.00,177.00,352.00
28107,413.00,522.00,178.00,354.00
29110,414.00,522.00,179.00,356.00
30111,418.00,524.00,181.00,359.00
31114,420.00,524.00,181.00,359.00
32116,422.00,525.00,182.00,361.00
33119,422.00,525.00,182.00,363.00
34121,424.00,526.00,184.00,365.00
35124,423.00,525.00,184.00,366.00
36126,420.00,523.00,185.00,367.00
37129,420.00,525.00,185.00,369.00
38131,421.00,525.00,185.00,370.00
39134,425.00,526.00,183.00,371.00
40136,429.00,526.00,181.00,371.00
41139,433.00,526.00,179.00,370.00
42141,437.00,527.00,178.00,371.00
43144,440.00,527.00,176.00,370.00
44145,442.00,528.00,174.00,369.00
45148,444.00,528.00,173.00,368.00
46150,446.00,529.00,172.00,367.00
47153,446.00,529.00,171.00,366.00
48155,448.00,529.00,170.00,365.00
49158,449.00,529.00,169.00,364.00
50160,454.00,532.00,169.00,365.00
51163,454.00,532.00,168.00,364.00
52165,454.00,531.00,167.00,363.00
53168,453.00,530.00,166.00,361.00
54170,451.00,530.00,166.00,361.00
55173,449.00,529.00,165.00,360.00
56175,447.00,528.00,165.00,359.00
57178,444.00,528.00,166.00,359.00
58179,442.00,527.00,166.00,359.00
59182,439.00,525.00,166.00,359.00
60184,436.00,523.00,167.00,360.00
61187,433.00,522.00,167.00,360.00
62189,433.00,522.00,168.00,363.00
63192,431.00,521.00,169.00,364.00
64194,429.00,520.00,169.00,366.00
65197,427.00,518.00,170.00,368.00
66199,425.00,517.00,170.00,370.00
67202,425.00,516.00,171.00,372.00
68204,425.00,515.00,172.00,373.00
69207,426.00,514.00,172.00,376.00
70209,425.00,513.00,173.00,377.00
71212,425.00,512.00,174.00,379.00
72213,425.00,512.00,175.00,380.00
73216,426.00,511.00,175.00,382.00
74218,426.00,511.00,176.00,383.00
75220,427.00,510.00,177.00,384.00
76223,428.00,510.00,178.00,386.00
77225,428.00,509.00,178.00,386.00
78228,428.00,509.00,179.00,387.00
79230,429.00,510.00,180.00,389.00
80233,430.00,510.00,179.00,389.00
81235,431.00,510.00,178.00,390.00
82238,431.00,511.00,178.00,390.00
83240,429.00,512.00,178.00,390.00
84243,429.00,512.00,177.00,390.00
85245,430.00,513.00,177.00,391.00
86247,432.00,514.00,176.00,391.00
87249,432.00,514.00,176.00,391.00
88252,432.00,514.00,175.00,390.00
89254,434.00,515.00,175.00,391.00
90257,433.00,515.00,174.00,391.00
91259,432.00,514.00,174.00,390.00
92262,432.00,514.00,175.00,390.00
93264,432.00,514.00,175.00,390.00
94267,433.00,514.00,175.00,390.00
95269,433.00,514.00,176.00,390.00
96272,433.00,514.00,176.00,390.00
97274,432.00,513.00,176.00,390.00
98277,433.00,513.00,176.00,390.00
99279,433.00,513.00,176.00,390.00
100281,433.00,513.00,176.00,389.00
101283,434.00,514.00,176.00,390.00
102286,435.00,514.00,175.00,389.00
103288,436.00,515.00,174.00,388.00
104291,436.00,515.00,174.00,388.00
105293,437.00,516.00,174.00,388.00
106296,438.00,516.00,173.00,387.00
107298,439.00,516.00,173.00,387.00
108301,440.00,517.00,174.00,387.00
109303,440.00,517.00,174.00,386.00
110306,441.00,518.00,174.00,386.00
111308,440.00,517.00,174.00,386.00
112311,439.00,517.00,175.00,386.00
113313,439.00,517.00,175.00,386.00
114316,438.00,516.00,176.00,386.00
115318,436.00,516.00,176.00,387.00
116321,435.00,515.00,177.00,387.00
117323,433.00,514.00,177.00,387.00
118326,434.00,513.00,177.00,388.00
119328,433.00,513.00,177.00,389.00
120331,433.00,512.00,178.00,389.00
121333,432.00,512.00,178.00,390.00
122336,432.00,512.00,179.00,391.00
123338,430.00,511.00,179.00,391.00
124341,428.00,510.00,179.00,392.00
125343,426.00,510.00,180.00,392.00
126346,424.00,509.00,180.00,392.00
127348,424.00,508.00,180.00,393.00
128351,423.00,508.00,180.00,393.00
129353,423.00,507.00,180.00,393.00
130356,423.00,506.00,180.00,393.00
131358,423.00,506.00,179.00,393.00
132361,423.00,506.00,179.00,394.00
133363,422.00,504.00,179.00,394.00
134366,422.00,504.00,179.00,394.00
135368,421.00,503.00,179.00,394.00
136371,421.00,503.00,179.00,394.00
137373,420.00,502.00,179.00,394.00
138376,420.00,500.00,178.00,394.00
139378,421.00,501.00,179.00,395.00
140381,419.00,499.00,178.00,394.00
141382,420.00,499.00,178.00,394.00
142385,421.00,499.00,177.00,394.00
143387,421.00,499.00,177.00,394.00
144390,421.00,498.00,177.00,394.00
145392,421.00,498.00,176.00,394.00
146395,421.00,498.00,176.00,394.00
147397,422.00,499.00,176.00,394.00
148400,421.00,498.00,175.00,393.00
149402,420.00,498.00,175.00,393.00
150405,420.00,498.00,174.00,393.00
151407,420.00,498.00,174.00,393.00
152410,420.00,499.00,174.00,393.00
153412,420.00,499.00,174.00,392.00
154415,420.00,500.00,173.00,392.00
155417,421.00,500.00,173.00,392.00
156420,421.00,501.00,173.00,391.00
157422,423.00,502.00,172.00,391.00
158425,425.00,503.00,172.00,390.00
159427,427.00,504.00,171.00,389.00
160430,427.00,505.00,171.00,388.00
161432,427.00,506.00,170.00,387.00
162435,426.00,507.00,169.00,386.00
163437,425.00,508.00,169.00,385.00
164440,425.00,509.00,168.00,384.00
165442,425.00,509.00,167.00,383.00
166445,425.00,510.00,166.00,381.00
167447,427.00,511.00,166.00,380.00
168450,429.00,513.00,165.00,379.00
169452,432.00,514.00,164.00,378.00
170455,434.00,515.00,164.00,377.00
171457,436.00,516.00,164.00,375.00
172460,438.00,517.00,163.00,374.00
173462,439.00,518.00,163.00,373.00
174465,441.00,519.00,163.00,372.00
175467,441.00,520.00,162.00,370.00
176470,442.00,520.00,162.00,369.00
177472,442.00,521.00,163.00,368.00
178475,441.00,521.00,163.00,368.00
179477,439.00,520.00,164.00,367.00
180480,437.00,521.00,165.00,368.00
Measurement complete.