12:01:25.451 ->   MQ Gas Sensor Data Logger
12:01:28.165 -> Press the reset button to start measurements.
12:01:28.232 -> 1009,206.00,346.00,86.00,164.00
12:01:29.212 -> 2043,206.00,347.00,86.00,164.00
12:01:30.228 -> 3046,206.00,347.00,86.00,164.00
12:01:31.209 -> 4047,206.00,347.00,86.00,164.00
12:01:32.249 -> 5050,207.00,347.00,85.00,163.00
12:01:33.243 -> 6052,207.00,347.00,85.00,163.00
12:01:34.239 -> 7055,207.00,347.00,85.00,163.00
12:01:35.241 -> 8057,207.00,347.00,85.00,162.00
12:01:36.232 -> 9060,207.00,347.00,85.00,162.00
12:01:37.251 -> 10061,207.00,347.00,85.00,162.00
12:01:38.235 -> 11064,207.00,347.00,85.00,162.00
12:01:39.271 -> 12066,207.00,348.00,85.00,162.00
12:01:40.278 -> 13069,207.00,348.00,85.00,162.00
12:01:41.263 -> 14071,206.00,348.00,85.00,162.00
12:01:42.266 -> 15074,206.00,347.00,85.00,162.00
12:01:43.271 -> 16076,206.00,345.00,85.00,162.00
12:01:44.279 -> 17079,205.00,342.00,86.00,163.00
12:01:45.258 -> 18080,205.00,341.00,86.00,163.00
12:01:46.284 -> 19083,205.00,341.00,86.00,164.00
12:01:47.284 -> 20085,205.00,341.00,86.00,164.00
12:01:48.289 -> 21088,205.00,342.00,86.00,164.00
12:01:49.295 -> 22090,205.00,342.00,86.00,164.00
12:01:50.303 -> 23093,205.00,342.00,86.00,164.00
12:01:51.304 -> 24095,205.00,343.00,86.00,164.00
12:01:52.309 -> 25098,205.00,343.00,87.00,164.00
12:01:53.296 -> 26099,205.00,343.00,87.00,164.00
12:01:54.319 -> 27102,205.00,343.00,87.00,164.00
12:01:55.302 -> 28104,205.00,340.00,87.00,164.00
12:01:56.318 -> 29107,205.00,339.00,87.00,163.00
12:01:57.309 -> 30109,205.00,337.00,87.00,163.00
12:01:58.333 -> 31112,204.00,336.00,87.00,163.00
12:01:59.333 -> 32114,204.00,336.00,87.00,162.00
12:02:00.330 -> 33117,203.00,336.00,87.00,162.00
12:02:01.333 -> 34118,203.00,337.00,87.00,163.00
12:02:02.343 -> 35121,203.00,337.00,87.00,163.00
12:02:03.354 -> 36123,203.00,338.00,87.00,163.00
12:02:04.331 -> 37126,203.00,339.00,87.00,163.00
12:02:05.359 -> 38128,203.00,338.00,86.00,163.00
12:02:06.365 -> 39131,203.00,336.00,86.00,163.00
12:02:07.351 -> 40133,203.00,334.00,86.00,163.00
12:02:08.361 -> 41136,202.00,333.00,86.00,162.00
12:02:09.368 -> 42137,202.00,333.00,86.00,162.00
12:02:10.382 -> 43140,201.00,333.00,86.00,162.00
12:02:11.386 -> 44142,201.00,333.00,86.00,162.00
12:02:12.373 -> 45145,201.00,332.00,86.00,162.00
12:02:13.371 -> 46147,201.00,332.00,86.00,162.00
12:02:14.380 -> 47150,201.00,332.00,86.00,162.00
12:02:15.391 -> 48152,201.00,332.00,86.00,162.00
12:02:16.377 -> 49155,201.00,333.00,86.00,162.00
12:02:17.394 -> 50156,201.00,334.00,86.00,162.00
12:02:18.410 -> 51159,202.00,334.00,86.00,162.00
12:02:19.391 -> 52161,202.00,334.00,86.00,162.00
12:02:20.424 -> 53164,202.00,333.00,86.00,162.00
12:02:21.432 -> 54166,202.00,332.00,86.00,162.00
12:02:22.397 -> 55169,201.00,332.00,86.00,162.00
12:02:23.401 -> 56171,201.00,332.00,86.00,162.00
12:02:24.426 -> 57172,201.00,333.00,86.00,162.00
12:02:25.434 -> 58175,201.00,332.00,85.00,162.00
12:02:26.412 -> 59177,201.00,331.00,85.00,161.00
12:02:27.441 -> 60180,201.00,331.00,85.00,161.00
12:02:28.427 -> 61182,201.00,332.00,85.00,161.00
12:02:29.437 -> 62185,201.00,331.00,85.00,161.00
12:02:30.426 -> 63187,201.00,331.00,85.00,161.00
12:02:31.453 -> 64190,201.00,332.00,85.00,161.00
12:02:32.434 -> 65191,201.00,331.00,85.00,161.00
12:02:33.459 -> 66194,201.00,331.00,85.00,161.00
12:02:34.447 -> 67196,201.00,330.00,85.00,161.00
12:02:35.445 -> 68199,201.00,330.00,85.00,161.00
12:02:36.479 -> 69201,201.00,330.00,85.00,161.00
12:02:37.474 -> 70204,200.00,331.00,85.00,161.00
12:02:38.485 -> 71206,200.00,331.00,85.00,161.00
12:02:39.472 -> 72209,201.00,331.00,85.00,161.00
12:02:40.486 -> 73210,201.00,332.00,85.00,160.00
12:02:41.488 -> 74213,201.00,332.00,85.00,160.00
12:02:42.486 -> 75215,201.00,332.00,85.00,160.00
12:02:43.503 -> 76218,201.00,332.00,85.00,160.00
12:02:44.503 -> 77220,201.00,332.00,85.00,160.00
12:02:45.502 -> 78223,201.00,333.00,85.00,160.00
12:02:46.490 -> 79225,201.00,333.00,85.00,160.00
12:02:47.494 -> 80228,201.00,334.00,85.00,160.00
12:02:48.497 -> 81229,202.00,334.00,85.00,159.00
12:02:49.511 -> 82232,202.00,335.00,85.00,159.00
12:02:50.512 -> 83234,202.00,336.00,86.00,159.00
12:02:51.512 -> 84237,202.00,336.00,86.00,159.00
12:02:52.512 -> 85239,202.00,336.00,85.00,159.00
12:02:53.537 -> 86242,202.00,336.00,86.00,159.00
12:02:54.515 -> 87244,202.00,335.00,86.00,159.00
12:02:55.532 -> 88247,202.00,335.00,86.00,159.00
12:02:56.534 -> 89248,202.00,335.00,86.00,159.00
12:02:57.546 -> 90251,202.00,335.00,86.00,159.00
12:02:58.543 -> 91253,202.00,335.00,85.00,159.00
12:02:59.532 -> 92256,202.00,334.00,85.00,159.00
12:03:00.549 -> 93258,202.00,334.00,85.00,159.00
12:03:01.572 -> 94261,203.00,333.00,85.00,159.00
12:03:02.556 -> 95263,203.00,333.00,85.00,158.00
12:03:03.548 -> 96266,203.00,333.00,85.00,158.00
12:03:04.557 -> 97267,203.00,333.00,85.00,158.00
12:03:05.585 -> 98270,203.00,333.00,85.00,158.00
12:03:06.559 -> 99272,203.00,332.00,85.00,158.00
12:03:07.590 -> 100275,203.00,332.00,85.00,158.00
12:03:08.589 -> 101277,203.00,332.00,85.00,158.00
12:03:09.577 -> 102280,203.00,332.00,85.00,158.00
12:03:10.594 -> 103282,203.00,333.00,85.00,157.00
12:03:11.577 -> 104285,203.00,333.00,85.00,157.00
12:03:12.597 -> 105287,203.00,332.00,84.00,157.00
12:03:13.611 -> 106290,203.00,331.00,84.00,157.00
12:03:14.586 -> 107292,203.00,331.00,84.00,157.00
12:03:15.608 -> 108294,203.00,330.00,84.00,157.00
12:03:16.611 -> 109296,203.00,330.00,84.00,157.00
12:03:17.611 -> 110299,203.00,330.00,84.00,157.00
12:03:18.637 -> 111301,203.00,330.00,84.00,157.00
12:03:19.616 -> 112304,203.00,330.00,84.00,157.00
12:03:20.617 -> 113306,203.00,330.00,84.00,157.00
12:03:21.636 -> 114309,203.00,330.00,84.00,157.00
12:03:22.620 -> 115311,203.00,330.00,84.00,157.00
12:03:23.622 -> 116314,203.00,330.00,84.00,157.00
12:03:24.651 -> 117316,203.00,330.00,84.00,157.00
12:03:25.656 -> 118319,202.00,330.00,84.00,157.00
12:03:26.655 -> 119321,202.00,330.00,84.00,156.00
12:03:27.658 -> 120324,202.00,329.00,84.00,156.00
12:03:28.640 -> 121325,202.00,328.00,83.00,156.00
12:03:29.660 -> 122328,202.00,328.00,83.00,156.00
12:03:30.670 -> 123330,202.00,328.00,84.00,156.00
12:03:31.652 -> 124333,202.00,328.00,84.00,156.00
12:03:32.656 -> 125335,202.00,328.00,84.00,156.00
12:03:33.691 -> 126338,202.00,328.00,84.00,156.00
12:03:34.684 -> 127340,201.00,329.00,84.00,156.00
12:03:35.686 -> 128343,201.00,329.00,84.00,156.00
12:03:36.680 -> 129345,201.00,329.00,84.00,156.00
12:03:37.700 -> 130348,201.00,329.00,84.00,156.00
12:03:38.680 -> 131350,201.00,330.00,84.00,156.00
12:03:39.710 -> 132353,201.00,330.00,84.00,156.00
12:03:40.700 -> 133354,201.00,330.00,84.00,156.00
12:03:41.718 -> 134356,201.00,330.00,84.00,156.00
12:03:42.704 -> 135359,201.00,330.00,84.00,156.00
12:03:43.720 -> 136361,201.00,331.00,84.00,156.00
12:03:44.726 -> 137364,201.00,331.00,84.00,156.00
12:03:45.723 -> 138366,201.00,330.00,84.00,155.00
12:03:46.738 -> 139369,201.00,330.00,84.00,155.00
12:03:47.728 -> 140371,201.00,330.00,84.00,155.00
12:03:48.731 -> 141374,201.00,330.00,84.00,155.00
12:03:49.739 -> 142376,201.00,329.00,84.00,155.00
12:03:50.729 -> 143379,200.00,327.00,84.00,155.00
12:03:51.749 -> 144381,199.00,326.00,84.00,155.00
12:03:52.765 -> 145384,199.00,326.00,84.00,155.00
12:03:53.749 -> 146385,200.00,327.00,84.00,155.00
12:03:54.736 -> 147388,200.00,326.00,84.00,155.00
12:03:55.773 -> 148390,200.00,326.00,84.00,155.00
12:03:56.773 -> 149393,200.00,326.00,84.00,155.00
12:03:57.791 -> 150395,200.00,325.00,83.00,155.00
12:03:58.756 -> 151398,199.00,324.00,83.00,154.00
12:03:59.786 -> 152400,199.00,324.00,83.00,154.00
12:04:00.772 -> 153403,200.00,324.00,83.00,154.00
12:04:01.763 -> 154405,199.00,323.00,83.00,154.00
12:04:02.783 -> 155408,199.00,323.00,83.00,154.00
12:04:03.803 -> 156410,199.00,323.00,83.00,154.00
12:04:04.778 -> 157413,199.00,322.00,83.00,154.00
12:04:05.829 -> 158415,198.00,321.00,84.00,154.00
12:04:06.808 -> 159417,198.00,321.00,84.00,154.00
12:04:07.811 -> 160419,198.00,321.00,84.00,154.00
12:04:08.817 -> 161422,197.00,321.00,84.00,154.00
12:04:09.825 -> 162424,197.00,322.00,84.00,154.00
12:04:10.807 -> 163427,197.00,323.00,84.00,154.00
12:04:11.805 -> 164429,197.00,323.00,84.00,154.00
12:04:12.829 -> 165432,197.00,321.00,84.00,154.00
12:04:13.811 -> 166434,196.00,318.00,84.00,154.00
12:04:14.814 -> 167437,195.00,317.00,84.00,154.00
12:04:15.821 -> 168439,195.00,318.00,84.00,154.00
12:04:16.839 -> 169442,195.00,318.00,84.00,154.00
12:04:17.858 -> 170444,195.00,317.00,84.00,154.00
12:04:18.842 -> 171446,194.00,316.00,83.00,154.00
12:04:19.844 -> 172448,194.00,317.00,83.00,154.00
12:04:20.848 -> 173451,194.00,320.00,83.00,154.00
12:04:21.869 -> 174453,194.00,322.00,83.00,154.00
12:04:22.873 -> 175456,194.00,324.00,83.00,154.00
12:04:23.869 -> 176458,195.00,324.00,83.00,154.00
12:04:24.846 -> 177461,196.00,324.00,83.00,154.00
12:04:25.876 -> 178463,196.00,323.00,83.00,154.00
12:04:26.856 -> 179466,196.00,323.00,83.00,154.00
12:04:27.879 -> 180468,196.00,322.00,83.00,153.00
12:04:28.874 -> Measurement complete.