  MQ Gas Sensor Data Logger
Press the reset button to start measurements.
1009,272.00,474.00,162.00,297.00
2044,272.00,473.00,161.00,296.00
3047,271.00,471.00,161.00,295.00
4049,270.00,470.00,160.00,295.00
5051,270.00,469.00,160.00,294.00
6053,269.00,469.00,160.00,294.00
7056,269.00,469.00,160.00,294.00
8058,268.00,467.00,159.00,293.00
9061,268.00,466.00,159.00,293.00
10063,267.00,464.00,158.00,292.00
11066,266.00,464.00,157.00,291.00
12068,266.00,464.00,157.00,289.00
13071,267.00,465.00,156.00,288.00
14073,267.00,465.00,155.00,287.00
15075,267.00,464.00,155.00,286.00
16077,267.00,463.00,154.00,285.00
17080,267.00,462.00,154.00,283.00
18082,266.00,461.00,153.00,283.00
19085,265.00,460.00,153.00,282.00
20087,265.00,459.00,152.00,281.00
21090,264.00,458.00,152.00,280.00
22092,264.00,457.00,151.00,279.00
23095,264.00,459.00,151.00,278.00
24097,263.00,458.00,150.00,278.00
25100,262.00,456.00,150.00,277.00
26102,262.00,455.00,150.00,276.00
27105,262.00,457.00,150.00,276.00
28107,262.00,457.00,149.00,275.00
29109,263.00,455.00,148.00,274.00
30111,264.00,454.00,148.00,274.00
31114,264.00,453.00,147.00,273.00
32116,264.00,452.00,147.00,272.00
33119,264.00,451.00,146.00,271.00
34121,264.00,450.00,146.00,270.00
35124,264.00,449.00,145.00,270.00
36126,263.00,448.00,145.00,270.00
37129,263.00,448.00,144.00,269.00
38131,263.00,447.00,144.00,269.00
39134,263.00,446.00,144.00,268.00
40136,263.00,445.00,144.00,268.00
41139,262.00,445.00,144.00,268.00
42141,262.00,445.00,144.00,267.00
43144,262.00,445.00,143.00,267.00
44145,262.00,445.00,144.00,267.00
45148,261.00,443.00,144.00,266.00
46150,260.00,443.00,143.00,265.00
47153,259.00,441.00,142.00,263.00
48155,258.00,440.00,142.00,263.00
49158,258.00,440.00,141.00,263.00
50160,257.00,440.00,141.00,262.00
51163,257.00,440.00,141.00,261.00
52165,257.00,439.00,140.00,260.00
53168,256.00,438.00,140.00,259.00
54170,256.00,437.00,140.00,260.00
55173,255.00,437.00,140.00,261.00
56175,255.00,438.00,140.00,261.00
57178,255.00,438.00,141.00,260.00
58179,255.00,437.00,141.00,259.00
59182,254.00,436.00,141.00,258.00
60184,254.00,435.00,141.00,257.00
61187,254.00,435.00,141.00,257.00
62189,254.00,434.00,141.00,256.00
63192,254.00,434.00,141.00,256.00
64194,253.00,433.00,140.00,257.00
65197,252.00,433.00,140.00,257.00
66199,252.00,433.00,140.00,256.00
67202,252.00,433.00,139.00,256.00
68204,252.00,432.00,138.00,256.00
69207,251.00,432.00,137.00,255.00
70209,251.00,431.00,137.00,254.00
71211,251.00,431.00,137.00,254.00
72213,250.00,431.00,137.00,254.00
73216,250.00,430.00,137.00,254.00
74218,249.00,429.00,137.00,253.00
75220,249.00,429.00,137.00,253.00
76223,248.00,428.00,137.00,252.00
77225,247.00,428.00,137.00,251.00
78228,247.00,426.00,137.00,250.00
79230,246.00,425.00,137.00,250.00
80233,245.00,424.00,137.00,250.00
81235,245.00,423.00,136.00,250.00
82238,244.00,423.00,136.00,250.00
83239,244.00,423.00,136.00,249.00
84242,243.00,422.00,136.00,248.00
85244,243.00,421.00,135.00,248.00
86247,243.00,421.00,135.00,248.00
87249,242.00,420.00,135.00,248.00
88252,242.00,420.00,135.00,248.00
89254,241.00,419.00,135.00,248.00
90257,241.00,419.00,135.00,248.00
91259,240.00,419.00,134.00,248.00
92262,240.00,418.00,134.00,247.00
93264,240.00,418.00,134.00,247.00
94267,239.00,417.00,135.00,246.00
95269,239.00,417.00,135.00,246.00
96271,239.00,416.00,134.00,245.00
97273,238.00,416.00,133.00,243.00
98276,238.00,416.00,133.00,243.00
99278,238.00,416.00,133.00,243.00
100281,238.00,417.00,133.00,242.00
101283,238.00,417.00,132.00,242.00
102286,238.00,416.00,131.00,241.00
103288,238.00,416.00,131.00,241.00
104291,237.00,415.00,130.00,240.00
105293,237.00,415.00,130.00,240.00
106296,237.00,415.00,129.00,239.00
107298,237.00,414.00,129.00,238.00
108301,236.00,413.00,128.00,237.00
109303,236.00,413.00,128.00,237.00
110306,236.00,412.00,128.00,236.00
111308,236.00,412.00,127.00,236.00
112311,236.00,411.00,127.00,236.00
113313,236.00,412.00,127.00,236.00
114316,235.00,413.00,126.00,235.00
115318,235.00,412.00,126.00,234.00
116321,235.00,413.00,126.00,235.00
117322,234.00,412.00,125.00,234.00
118325,234.00,410.00,125.00,234.00
119327,233.00,409.00,125.00,234.00
120330,233.00,408.00,125.00,234.00
121332,232.00,409.00,125.00,234.00
122335,232.00,409.00,125.00,234.00
123337,231.00,408.00,125.00,234.00
124340,231.00,407.00,125.00,234.00
125342,231.00,406.00,125.00,234.00
126345,230.00,406.00,125.00,234.00
127347,230.00,405.00,126.00,233.00
128350,229.00,405.00,126.00,233.00
129352,229.00,404.00,126.00,233.00
130355,229.00,404.00,126.00,232.00
131357,228.00,403.00,125.00,232.00
132360,228.00,403.00,125.00,232.00
133362,228.00,403.00,124.00,232.00
134365,228.00,404.00,124.00,231.00
135367,228.00,405.00,124.00,231.00
136370,229.00,405.00,123.00,231.00
137372,229.00,406.00,123.00,230.00
138375,228.00,405.00,123.00,229.00
139377,228.00,404.00,122.00,229.00
140380,227.00,403.00,122.00,228.00
141382,227.00,402.00,122.00,228.00
142385,227.00,403.00,121.00,227.00
143386,227.00,403.00,121.00,226.00
144389,227.00,402.00,121.00,226.00
145391,227.00,402.00,120.00,226.00
146394,227.00,401.00,120.00,226.00
147396,227.00,400.00,121.00,226.00
148399,227.00,399.00,121.00,227.00
149401,226.00,398.00,121.00,226.00
150404,226.00,398.00,122.00,226.00
151406,225.00,397.00,122.00,226.00
152409,225.00,397.00,121.00,226.00
153411,225.00,396.00,121.00,225.00
154414,224.00,396.00,121.00,225.00
155416,224.00,395.00,121.00,225.00
156419,224.00,395.00,121.00,225.00
157421,223.00,395.00,121.00,225.00
158424,223.00,395.00,120.00,225.00
159426,223.00,394.00,120.00,225.00
160429,222.00,394.00,120.00,225.00
161431,222.00,394.00,120.00,224.00
162434,222.00,394.00,119.00,224.00
163436,222.00,394.00,119.00,224.00
164439,222.00,394.00,119.00,224.00
165441,222.00,394.00,119.00,224.00
166444,222.00,393.00,119.00,223.00
167446,222.00,393.00,118.00,223.00
168449,222.00,393.00,118.00,222.00
169450,221.00,392.00,118.00,222.00
170452,221.00,392.00,117.00,222.00
171455,221.00,392.00,117.00,222.00
172457,221.00,391.00,117.00,222.00
173460,221.00,391.00,117.00,221.00
174462,220.00,390.00,117.00,221.00
175465,220.00,390.00,117.00,220.00
176467,220.00,389.00,117.00,220.00
177470,220.00,389.00,117.00,220.00
178472,219.00,388.00,117.00,220.00
179475,219.00,388.00,117.00,220.00
180477,219.00,387.00,117.00,219.00
Measurement complete.