11:55:01.136 -> MQ Gas Sensor Data Logger
11:55:01.136 -> Press the reset button to start measurements.
11:55:01.200 -> 1009,234.00,408.00,99.00,200.00
11:55:02.211 -> 2043,234.00,408.00,99.00,200.00
11:55:03.203 -> 3046,233.00,408.00,99.00,200.00
11:55:04.214 -> 4047,233.00,408.00,99.00,201.00
11:55:05.215 -> 5050,233.00,408.00,99.00,201.00
11:55:06.207 -> 6052,233.00,408.00,99.00,201.00
11:55:07.212 -> 7055,233.00,408.00,99.00,201.00
11:55:08.236 -> 8057,233.00,407.00,100.00,201.00
11:55:09.235 -> 9060,233.00,407.00,100.00,201.00
11:55:10.237 -> 10062,233.00,407.00,100.00,201.00
11:55:11.247 -> 11064,233.00,407.00,100.00,201.00
11:55:12.222 -> 12066,233.00,407.00,100.00,201.00
11:55:13.228 -> 13069,233.00,407.00,100.00,201.00
11:55:14.239 -> 14071,233.00,407.00,100.00,201.00
11:55:15.242 -> 15074,233.00,407.00,100.00,200.00
11:55:16.255 -> 16076,233.00,407.00,100.00,201.00
11:55:17.244 -> 17079,233.00,407.00,100.00,201.00
11:55:18.276 -> 18081,233.00,406.00,100.00,200.00
11:55:19.267 -> 19084,233.00,406.00,100.00,200.00
11:55:20.242 -> 20086,233.00,406.00,100.00,200.00
11:55:21.255 -> 21089,233.00,406.00,100.00,200.00
11:55:22.287 -> 22091,233.00,407.00,100.00,200.00
11:55:23.258 -> 23093,233.00,406.00,100.00,200.00
11:55:24.272 -> 24095,233.00,406.00,100.00,201.00
11:55:25.277 -> 25098,233.00,406.00,100.00,201.00
11:55:26.266 -> 26100,233.00,406.00,100.00,200.00
11:55:27.289 -> 27103,233.00,406.00,100.00,201.00
11:55:28.299 -> 28105,233.00,406.00,100.00,200.00
11:55:29.290 -> 29108,233.00,406.00,100.00,200.00
11:55:30.285 -> 30110,233.00,406.00,100.00,200.00
11:55:31.289 -> 31113,233.00,406.00,100.00,200.00
11:55:32.317 -> 32115,233.00,405.00,100.00,200.00
11:55:33.295 -> 33118,233.00,405.00,100.00,200.00
11:55:34.324 -> 34120,233.00,405.00,100.00,200.00
11:55:35.311 -> 35123,233.00,405.00,100.00,200.00
11:55:36.330 -> 36124,233.00,405.00,100.00,200.00
11:55:37.333 -> 37127,233.00,405.00,100.00,200.00
11:55:38.313 -> 38129,233.00,405.00,100.00,200.00
11:55:39.348 -> 39132,233.00,405.00,100.00,200.00
11:55:40.346 -> 40134,233.00,405.00,100.00,200.00
11:55:41.346 -> 41137,233.00,405.00,100.00,200.00
11:55:42.335 -> 42139,233.00,405.00,100.00,200.00
11:55:43.355 -> 43142,233.00,405.00,100.00,200.00
11:55:44.359 -> 44144,233.00,404.00,100.00,200.00
11:55:45.354 -> 45147,233.00,404.00,100.00,200.00
11:55:46.372 -> 46149,233.00,404.00,99.00,200.00
11:55:47.375 -> 47152,233.00,404.00,100.00,200.00
11:55:48.366 -> 48153,233.00,404.00,100.00,200.00
11:55:49.369 -> 49156,233.00,404.00,100.00,200.00
11:55:50.390 -> 50158,233.00,404.00,99.00,200.00
11:55:51.386 -> 51161,233.00,404.00,100.00,200.00
11:55:52.368 -> 52163,233.00,404.00,100.00,199.00
11:55:53.386 -> 53166,233.00,404.00,99.00,200.00
11:55:54.408 -> 54168,233.00,404.00,99.00,199.00
11:55:55.382 -> 55171,233.00,403.00,99.00,199.00
11:55:56.392 -> 56173,233.00,403.00,99.00,199.00
11:55:57.386 -> 57176,233.00,403.00,99.00,199.00
11:55:58.403 -> 58177,233.00,403.00,99.00,199.00
11:55:59.401 -> 59180,233.00,403.00,99.00,199.00
11:56:00.422 -> 60182,233.00,403.00,99.00,199.00
11:56:01.422 -> 61185,233.00,403.00,99.00,199.00
11:56:02.415 -> 62187,233.00,402.00,99.00,199.00
11:56:03.437 -> 63190,233.00,402.00,99.00,199.00
11:56:04.422 -> 64192,233.00,402.00,99.00,198.00
11:56:05.429 -> 65195,233.00,402.00,99.00,198.00
11:56:06.433 -> 66196,233.00,402.00,99.00,198.00
11:56:07.444 -> 67198,233.00,402.00,99.00,198.00
11:56:08.430 -> 68201,233.00,402.00,99.00,198.00
11:56:09.450 -> 69203,233.00,402.00,99.00,198.00
11:56:10.454 -> 70206,233.00,402.00,99.00,198.00
11:56:11.452 -> 71208,233.00,401.00,99.00,198.00
11:56:12.452 -> 72211,233.00,401.00,99.00,198.00
11:56:13.451 -> 73213,233.00,401.00,99.00,198.00
11:56:14.476 -> 74215,233.00,401.00,99.00,198.00
11:56:15.469 -> 75217,233.00,401.00,99.00,198.00
11:56:16.472 -> 76220,233.00,401.00,99.00,197.00
11:56:17.472 -> 77222,233.00,400.00,99.00,197.00
11:56:18.462 -> 78225,233.00,400.00,99.00,197.00
11:56:19.494 -> 79227,233.00,400.00,99.00,197.00
11:56:20.485 -> 80230,233.00,400.00,99.00,197.00
11:56:21.492 -> 81232,232.00,400.00,98.00,197.00
11:56:22.485 -> 82234,232.00,399.00,99.00,197.00
11:56:23.486 -> 83236,232.00,399.00,99.00,197.00
11:56:24.499 -> 84239,232.00,399.00,98.00,197.00
11:56:25.512 -> 85241,232.00,399.00,98.00,197.00
11:56:26.523 -> 86244,232.00,399.00,98.00,197.00
11:56:27.522 -> 87246,232.00,399.00,99.00,196.00
11:56:28.496 -> 88249,232.00,398.00,99.00,196.00
11:56:29.515 -> 89251,232.00,398.00,98.00,196.00
11:56:30.532 -> 90253,232.00,398.00,98.00,196.00
11:56:31.541 -> 91255,232.00,398.00,98.00,196.00
11:56:32.538 -> 92258,232.00,398.00,98.00,196.00
11:56:33.549 -> 93260,231.00,398.00,98.00,196.00
11:56:34.542 -> 94263,231.00,397.00,98.00,196.00
11:56:35.521 -> 95265,231.00,397.00,98.00,196.00
11:56:36.550 -> 96268,231.00,397.00,98.00,196.00
11:56:37.561 -> 97270,231.00,397.00,98.00,196.00
11:56:38.545 -> 98272,231.00,397.00,98.00,196.00
11:56:39.533 -> 99274,231.00,397.00,98.00,196.00
11:56:40.537 -> 100277,231.00,397.00,98.00,196.00
11:56:41.565 -> 101279,231.00,396.00,98.00,195.00
11:56:42.545 -> 102282,231.00,396.00,98.00,195.00
11:56:43.569 -> 103284,231.00,396.00,98.00,196.00
11:56:44.569 -> 104287,231.00,396.00,98.00,195.00
11:56:45.586 -> 105289,231.00,396.00,98.00,195.00
11:56:46.583 -> 106292,231.00,396.00,98.00,195.00
11:56:47.590 -> 107294,231.00,395.00,98.00,195.00
11:56:48.574 -> 108297,231.00,395.00,98.00,195.00
11:56:49.589 -> 109298,231.00,395.00,98.00,194.00
11:56:50.600 -> 110301,231.00,395.00,98.00,195.00
11:56:51.598 -> 111303,230.00,395.00,98.00,194.00
11:56:52.585 -> 112306,231.00,395.00,98.00,194.00
11:56:53.605 -> 113308,230.00,395.00,98.00,194.00
11:56:54.620 -> 114311,230.00,394.00,98.00,194.00
11:56:55.619 -> 115313,230.00,394.00,98.00,194.00
11:56:56.624 -> 116316,230.00,394.00,97.00,194.00
11:56:57.637 -> 117318,230.00,394.00,98.00,194.00
11:56:58.623 -> 118321,230.00,393.00,98.00,194.00
11:56:59.626 -> 119323,230.00,393.00,97.00,194.00
11:57:00.615 -> 120326,230.00,393.00,97.00,194.00
11:57:01.635 -> 121328,230.00,393.00,97.00,194.00
11:57:02.639 -> 122330,230.00,393.00,97.00,193.00
11:57:03.646 -> 123332,230.00,393.00,98.00,193.00
11:57:04.634 -> 124335,230.00,392.00,97.00,193.00
11:57:05.645 -> 125337,230.00,392.00,97.00,193.00
11:57:06.662 -> 126340,230.00,392.00,97.00,193.00
11:57:07.670 -> 127342,229.00,392.00,97.00,193.00
11:57:08.650 -> 128345,229.00,392.00,97.00,193.00
11:57:09.663 -> 129347,229.00,392.00,97.00,193.00
11:57:10.673 -> 130350,229.00,392.00,97.00,193.00
11:57:11.677 -> 131352,229.00,392.00,97.00,193.00
11:57:12.668 -> 132355,229.00,391.00,97.00,193.00
11:57:13.693 -> 133357,229.00,391.00,97.00,193.00
11:57:14.686 -> 134360,229.00,391.00,97.00,192.00
11:57:15.707 -> 135361,229.00,391.00,97.00,192.00
11:57:16.673 -> 136364,229.00,391.00,97.00,192.00
11:57:17.685 -> 137366,229.00,391.00,97.00,192.00
11:57:18.688 -> 138369,229.00,391.00,97.00,192.00
11:57:19.682 -> 139371,229.00,391.00,97.00,192.00
11:57:20.724 -> 140374,229.00,391.00,97.00,192.00
11:57:21.712 -> 141376,229.00,391.00,97.00,192.00
11:57:22.721 -> 142379,228.00,391.00,97.00,192.00
11:57:23.719 -> 143381,228.00,390.00,97.00,192.00
11:57:24.723 -> 144384,228.00,390.00,96.00,191.00
11:57:25.716 -> 145386,228.00,390.00,97.00,191.00
11:57:26.723 -> 146388,228.00,390.00,96.00,191.00
11:57:27.742 -> 147390,228.00,390.00,96.00,191.00
11:57:28.744 -> 148392,228.00,390.00,96.00,191.00
11:57:29.722 -> 149395,228.00,390.00,96.00,191.00
11:57:30.750 -> 150397,228.00,389.00,96.00,191.00
11:57:31.758 -> 151400,228.00,389.00,96.00,191.00
11:57:32.733 -> 152402,228.00,389.00,96.00,190.00
11:57:33.764 -> 153405,228.00,389.00,96.00,190.00
11:57:34.755 -> 154407,228.00,389.00,96.00,190.00
11:57:35.759 -> 155410,228.00,389.00,96.00,190.00
11:57:36.785 -> 156412,228.00,389.00,96.00,190.00
11:57:37.758 -> 157415,228.00,389.00,96.00,190.00
11:57:38.760 -> 158417,228.00,388.00,96.00,190.00
11:57:39.775 -> 159420,227.00,388.00,96.00,190.00
11:57:40.789 -> 160421,227.00,388.00,96.00,190.00
11:57:41.783 -> 161424,227.00,388.00,96.00,190.00
11:57:42.808 -> 162426,227.00,388.00,96.00,189.00
11:57:43.775 -> 163429,227.00,387.00,96.00,189.00
11:57:44.795 -> 164431,227.00,387.00,96.00,189.00
11:57:45.801 -> 165434,227.00,387.00,96.00,189.00
11:57:46.821 -> 166436,226.00,387.00,96.00,189.00
11:57:47.804 -> 167439,226.00,387.00,96.00,189.00
11:57:48.795 -> 168441,226.00,387.00,95.00,189.00
11:57:49.822 -> 169444,226.00,387.00,96.00,189.00
11:57:50.832 -> 170446,226.00,386.00,96.00,189.00
11:57:51.818 -> 171449,226.00,386.00,95.00,189.00
11:57:52.828 -> 172451,226.00,386.00,95.00,189.00
11:57:53.832 -> 173453,226.00,386.00,95.00,188.00
11:57:54.825 -> 174455,226.00,386.00,95.00,188.00
11:57:55.848 -> 175458,226.00,386.00,95.00,188.00
11:57:56.828 -> 176460,226.00,385.00,96.00,188.00
11:57:57.842 -> 177463,226.00,385.00,96.00,188.00
11:57:58.848 -> 178465,226.00,385.00,95.00,188.00
11:57:59.863 -> 179468,226.00,385.00,95.00,188.00
11:58:00.854 -> 180470,225.00,385.00,95.00,188.00
11:58:01.845 -> Measurement complete.