12:05:47.032 ->  MQ Gas Sensor Data Logger
12:05:49.755 -> Press the reset button to start measurements.
12:05:49.821 -> 1009,189.00,310.00,100.00,161.00
12:05:50.811 -> 2044,189.00,309.00,100.00,161.00
12:05:51.798 -> 3047,188.00,309.00,99.00,161.00
12:05:52.816 -> 4048,188.00,308.00,99.00,161.00
12:05:53.796 -> 5051,188.00,307.00,99.00,161.00
12:05:54.819 -> 6053,188.00,307.00,100.00,161.00
12:05:55.837 -> 7056,187.00,308.00,100.00,161.00
12:05:56.834 -> 8058,187.00,307.00,100.00,161.00
12:05:57.829 -> 9061,187.00,307.00,100.00,161.00
12:05:58.818 -> 10063,187.00,306.00,100.00,161.00
12:05:59.838 -> 11066,186.00,305.00,100.00,160.00
12:06:00.855 -> 12067,186.00,305.00,100.00,160.00
12:06:01.836 -> 13070,186.00,305.00,100.00,160.00
12:06:02.867 -> 14072,186.00,304.00,100.00,160.00
12:06:03.846 -> 15075,186.00,304.00,100.00,160.00
12:06:04.850 -> 16077,186.00,304.00,99.00,160.00
12:06:05.853 -> 17080,185.00,304.00,99.00,160.00
12:06:06.851 -> 18082,185.00,304.00,98.00,161.00
12:06:07.875 -> 19085,185.00,304.00,98.00,161.00
12:06:08.882 -> 20087,185.00,305.00,97.00,161.00
12:06:09.890 -> 21090,185.00,304.00,97.00,161.00
12:06:10.887 -> 22091,185.00,304.00,97.00,161.00
12:06:11.876 -> 23094,185.00,305.00,97.00,161.00
12:06:12.879 -> 24096,185.00,304.00,97.00,161.00
12:06:13.892 -> 25099,185.00,303.00,97.00,161.00
12:06:14.883 -> 26101,185.00,302.00,97.00,161.00
12:06:15.904 -> 27104,184.00,302.00,97.00,161.00
12:06:16.897 -> 28106,184.00,302.00,98.00,161.00
12:06:17.903 -> 29109,184.00,301.00,98.00,161.00
12:06:18.906 -> 30110,184.00,301.00,98.00,161.00
12:06:19.895 -> 31113,184.00,301.00,98.00,161.00
12:06:20.933 -> 32115,184.00,302.00,98.00,161.00
12:06:21.930 -> 33118,184.00,302.00,98.00,161.00
12:06:22.906 -> 34120,184.00,302.00,99.00,161.00
12:06:23.921 -> 35123,184.00,302.00,99.00,160.00
12:06:24.938 -> 36125,183.00,301.00,99.00,160.00
12:06:25.927 -> 37128,183.00,301.00,100.00,160.00
12:06:26.949 -> 38129,183.00,302.00,100.00,160.00
12:06:27.952 -> 39132,183.00,302.00,100.00,160.00
12:06:28.928 -> 40134,183.00,302.00,100.00,160.00
12:06:29.954 -> 41137,183.00,302.00,100.00,160.00
12:06:30.960 -> 42139,183.00,303.00,100.00,161.00
12:06:31.958 -> 43142,183.00,304.00,99.00,161.00
12:06:32.971 -> 44144,183.00,306.00,99.00,161.00
12:06:33.954 -> 45147,184.00,307.00,99.00,161.00
12:06:34.963 -> 46149,184.00,307.00,99.00,162.00
12:06:35.995 -> 47152,184.00,306.00,99.00,162.00
12:06:36.968 -> 48153,184.00,306.00,99.00,161.00
12:06:37.970 -> 49156,184.00,305.00,100.00,161.00
12:06:38.992 -> 50158,184.00,304.00,99.00,161.00
12:06:39.996 -> 51161,183.00,304.00,99.00,162.00
12:06:40.998 -> 52163,183.00,304.00,99.00,161.00
12:06:41.991 -> 53166,183.00,304.00,99.00,161.00
12:06:42.998 -> 54168,183.00,304.00,98.00,161.00
12:06:43.988 -> 55171,183.00,303.00,98.00,161.00
12:06:45.017 -> 56172,183.00,303.00,98.00,161.00
12:06:46.014 -> 57175,183.00,303.00,98.00,161.00
12:06:47.005 -> 58177,183.00,304.00,98.00,161.00
12:06:48.027 -> 59180,183.00,306.00,98.00,161.00
12:06:49.000 -> 60182,183.00,308.00,98.00,162.00
12:06:50.017 -> 61185,183.00,309.00,98.00,162.00
12:06:51.024 -> 62187,184.00,310.00,97.00,162.00
12:06:52.033 -> 63190,184.00,311.00,97.00,162.00
12:06:53.045 -> 64191,184.00,312.00,97.00,162.00
12:06:54.054 -> 65193,184.00,313.00,98.00,162.00
12:06:55.049 -> 66196,184.00,314.00,97.00,162.00
12:06:56.029 -> 67198,184.00,314.00,97.00,162.00
12:06:57.039 -> 68201,184.00,314.00,97.00,162.00
12:06:58.068 -> 69203,185.00,314.00,97.00,162.00
12:06:59.045 -> 70206,185.00,314.00,97.00,162.00
12:07:00.076 -> 71208,185.00,314.00,96.00,162.00
12:07:01.060 -> 72210,185.00,315.00,96.00,162.00
12:07:02.061 -> 73212,185.00,316.00,96.00,162.00
12:07:03.063 -> 74215,185.00,317.00,96.00,162.00
12:07:04.079 -> 75217,185.00,318.00,96.00,162.00
12:07:05.069 -> 76220,185.00,319.00,95.00,162.00
12:07:06.070 -> 77222,185.00,320.00,95.00,162.00
12:07:07.091 -> 78225,186.00,321.00,95.00,162.00
12:07:08.089 -> 79227,186.00,321.00,95.00,162.00
12:07:09.072 -> 80229,186.00,322.00,95.00,162.00
12:07:10.096 -> 81231,186.00,323.00,95.00,162.00
12:07:11.099 -> 82234,186.00,324.00,95.00,162.00
12:07:12.104 -> 83236,186.00,325.00,95.00,162.00
12:07:13.115 -> 84239,186.00,325.00,96.00,162.00
12:07:14.112 -> 85241,186.00,326.00,96.00,162.00
12:07:15.123 -> 86244,187.00,327.00,97.00,163.00
12:07:16.104 -> 87246,187.00,328.00,97.00,163.00
12:07:17.116 -> 88248,187.00,328.00,98.00,163.00
12:07:18.114 -> 89250,187.00,329.00,98.00,163.00
12:07:19.140 -> 90253,187.00,330.00,99.00,164.00
12:07:20.137 -> 91255,187.00,331.00,99.00,164.00
12:07:21.145 -> 92258,187.00,331.00,99.00,164.00
12:07:22.142 -> 93260,187.00,331.00,100.00,164.00
12:07:23.137 -> 94263,187.00,332.00,100.00,164.00
12:07:24.160 -> 95265,188.00,332.00,101.00,165.00
12:07:25.147 -> 96268,188.00,332.00,101.00,165.00
12:07:26.168 -> 97270,188.00,332.00,101.00,165.00
12:07:27.167 -> 98272,188.00,331.00,101.00,165.00
12:07:28.164 -> 99274,188.00,331.00,101.00,165.00
12:07:29.147 -> 100277,188.00,330.00,101.00,165.00
12:07:30.175 -> 101279,188.00,329.00,102.00,165.00
12:07:31.174 -> 102282,188.00,327.00,102.00,165.00
12:07:32.195 -> 103284,188.00,326.00,102.00,165.00
12:07:33.178 -> 104287,188.00,326.00,102.00,165.00
12:07:34.184 -> 105289,188.00,326.00,102.00,165.00
12:07:35.178 -> 106292,188.00,325.00,102.00,165.00
12:07:36.199 -> 107294,188.00,325.00,102.00,164.00
12:07:37.194 -> 108297,187.00,324.00,102.00,164.00
12:07:38.207 -> 109299,187.00,324.00,102.00,164.00
12:07:39.204 -> 110302,187.00,324.00,102.00,164.00
12:07:40.189 -> 111304,187.00,325.00,102.00,164.00
12:07:41.204 -> 112307,187.00,326.00,102.00,165.00
12:07:42.216 -> 113309,187.00,326.00,101.00,165.00
12:07:43.222 -> 114312,187.00,326.00,101.00,165.00
12:07:44.227 -> 115314,187.00,326.00,100.00,165.00
12:07:45.227 -> 116317,187.00,326.00,100.00,165.00
12:07:46.227 -> 117319,187.00,326.00,100.00,164.00
12:07:47.227 -> 118322,187.00,326.00,100.00,164.00
12:07:48.219 -> 119324,187.00,327.00,100.00,164.00
12:07:49.221 -> 120327,187.00,326.00,100.00,164.00
12:07:50.246 -> 121328,187.00,326.00,100.00,164.00
12:07:51.230 -> 122331,187.00,327.00,100.00,164.00
12:07:52.258 -> 123333,187.00,327.00,100.00,164.00
12:07:53.258 -> 124336,187.00,326.00,100.00,164.00
12:07:54.258 -> 125338,187.00,326.00,100.00,164.00
12:07:55.280 -> 126341,187.00,326.00,99.00,164.00
12:07:56.278 -> 127343,187.00,326.00,99.00,164.00
12:07:57.252 -> 128346,187.00,326.00,99.00,164.00
12:07:58.262 -> 129348,187.00,325.00,99.00,163.00
12:07:59.283 -> 130351,186.00,325.00,99.00,163.00
12:08:00.288 -> 131353,186.00,324.00,99.00,163.00
12:08:01.272 -> 132356,186.00,324.00,99.00,163.00
12:08:02.287 -> 133358,186.00,324.00,99.00,163.00
12:08:03.296 -> 134361,186.00,324.00,99.00,163.00
12:08:04.304 -> 135363,186.00,323.00,99.00,162.00
12:08:05.281 -> 136366,186.00,323.00,99.00,162.00
12:08:06.303 -> 137367,186.00,323.00,99.00,162.00
12:08:07.296 -> 138370,186.00,322.00,98.00,162.00
12:08:08.317 -> 139372,185.00,322.00,98.00,162.00
12:08:09.315 -> 140375,185.00,321.00,98.00,162.00
12:08:10.322 -> 141377,185.00,321.00,98.00,162.00
12:08:11.320 -> 142380,185.00,320.00,98.00,162.00
12:08:12.305 -> 143382,184.00,320.00,98.00,162.00
12:08:13.330 -> 144385,184.00,320.00,98.00,161.00
12:08:14.328 -> 145387,184.00,320.00,98.00,162.00
12:08:15.340 -> 146390,184.00,320.00,98.00,161.00
12:08:16.316 -> 147392,183.00,319.00,98.00,161.00
12:08:17.354 -> 148395,183.00,319.00,98.00,161.00
12:08:18.343 -> 149396,183.00,319.00,98.00,161.00
12:08:19.350 -> 150398,183.00,320.00,98.00,162.00
12:08:20.347 -> 151401,183.00,320.00,97.00,162.00
12:08:21.346 -> 152403,183.00,321.00,97.00,162.00
12:08:22.366 -> 153406,183.00,321.00,97.00,162.00
12:08:23.371 -> 154408,183.00,321.00,97.00,162.00
12:08:24.367 -> 155411,183.00,320.00,97.00,162.00
12:08:25.369 -> 156413,183.00,320.00,97.00,162.00
12:08:26.389 -> 157416,183.00,320.00,97.00,162.00
12:08:27.389 -> 158418,183.00,320.00,97.00,161.00
12:08:28.385 -> 159421,183.00,320.00,97.00,162.00
12:08:29.396 -> 160423,183.00,320.00,97.00,162.00
12:08:30.381 -> 161426,183.00,321.00,97.00,162.00
12:08:31.405 -> 162427,183.00,322.00,97.00,162.00
12:08:32.389 -> 163430,183.00,323.00,97.00,162.00
12:08:33.383 -> 164432,183.00,324.00,97.00,162.00
12:08:34.387 -> 165435,183.00,325.00,97.00,162.00
12:08:35.390 -> 166437,184.00,325.00,97.00,162.00
12:08:36.418 -> 167440,184.00,326.00,97.00,162.00
12:08:37.433 -> 168442,184.00,326.00,97.00,162.00
12:08:38.416 -> 169445,184.00,326.00,97.00,162.00
12:08:39.440 -> 170447,184.00,326.00,97.00,162.00
12:08:40.435 -> 171450,183.00,326.00,97.00,162.00
12:08:41.428 -> 172452,183.00,325.00,97.00,162.00
12:08:42.429 -> 173455,183.00,324.00,97.00,162.00
12:08:43.437 -> 174457,183.00,324.00,97.00,162.00
12:08:44.463 -> 175459,182.00,325.00,98.00,162.00
12:08:45.427 -> 176461,182.00,323.00,98.00,162.00
12:08:46.432 -> 177464,182.00,322.00,99.00,162.00
12:08:47.439 -> 178466,182.00,322.00,99.00,162.00
12:08:48.464 -> 179469,182.00,323.00,99.00,162.00
12:08:49.473 -> 180471,182.00,323.00,99.00,162.00
12:08:50.449 -> Measurement complete.
