@  MQ Gas Sensor Data Logger
Press the reset button to start measurements.
1009,544.00,493.00,265.00,433.00
2044,542.00,490.00,263.00,431.00
3047,543.00,491.00,263.00,432.00
4049,542.00,491.00,263.00,431.00
5051,542.00,490.00,263.00,431.00
6053,541.00,489.00,262.00,430.00
7056,541.00,490.00,262.00,431.00
8058,542.00,490.00,263.00,431.00
9061,542.00,490.00,263.00,431.00
10063,541.00,489.00,262.00,431.00
11066,540.00,489.00,261.00,430.00
12068,541.00,489.00,262.00,431.00
13071,542.00,489.00,262.00,431.00
14073,541.00,488.00,262.00,430.00
15076,539.00,487.00,261.00,429.00
16078,539.00,487.00,261.00,429.00
17080,540.00,487.00,261.00,430.00
18082,539.00,487.00,260.00,429.00
19085,539.00,487.00,260.00,429.00
20087,539.00,487.00,260.00,429.00
21090,540.00,487.00,260.00,429.00
22092,539.00,487.00,260.00,429.00
23095,539.00,486.00,260.00,429.00
24097,542.00,488.00,261.00,431.00
25100,542.00,489.00,261.00,431.00
26102,538.00,486.00,259.00,428.00
27105,540.00,487.00,260.00,429.00
28107,539.00,486.00,260.00,429.00
29110,539.00,486.00,259.00,429.00
30112,540.00,487.00,260.00,430.00
31115,540.00,486.00,260.00,429.00
32117,538.00,485.00,259.00,428.00
33119,539.00,486.00,260.00,429.00
34121,537.00,484.00,258.00,427.00
35124,537.00,484.00,259.00,428.00
36126,540.00,486.00,260.00,429.00
37129,541.00,487.00,261.00,430.00
38131,539.00,486.00,260.00,429.00
39134,540.00,486.00,260.00,430.00
40136,543.00,488.00,261.00,432.00
41139,540.00,486.00,260.00,429.00
42141,539.00,485.00,259.00,429.00
43144,537.00,483.00,259.00,428.00
44146,537.00,483.00,258.00,427.00
45149,536.00,482.00,258.00,426.00
46151,537.00,483.00,258.00,427.00
47154,536.00,482.00,257.00,426.00
48156,534.00,480.00,256.00,424.00
49158,534.00,480.00,256.00,424.00
50160,535.00,480.00,256.00,425.00
51163,534.00,480.00,256.00,424.00
52165,534.00,480.00,256.00,424.00
53168,534.00,480.00,256.00,424.00
54170,533.00,478.00,254.00,423.00
55173,534.00,480.00,256.00,424.00
56175,533.00,479.00,255.00,424.00
57178,534.00,480.00,256.00,424.00
58180,534.00,480.00,256.00,424.00
59183,534.00,480.00,256.00,424.00
60185,534.00,479.00,256.00,424.00
61188,533.00,479.00,255.00,424.00
62190,534.00,479.00,255.00,424.00
63193,535.00,480.00,256.00,425.00
64194,535.00,480.00,256.00,425.00
65197,535.00,480.00,256.00,425.00
66199,536.00,480.00,256.00,426.00
67202,532.00,478.00,254.00,423.00
68204,532.00,477.00,255.00,423.00
69207,533.00,478.00,256.00,424.00
70209,533.00,478.00,255.00,423.00
71212,534.00,479.00,256.00,424.00
72214,535.00,480.00,258.00,426.00
73217,536.00,481.00,258.00,426.00
74219,534.00,480.00,257.00,425.00
75222,535.00,480.00,257.00,425.00
76224,536.00,481.00,258.00,426.00
77227,536.00,482.00,258.00,426.00
78229,539.00,484.00,259.00,428.00
79230,537.00,482.00,259.00,427.00
80233,536.00,481.00,258.00,426.00
81235,536.00,481.00,258.00,426.00
82238,535.00,480.00,257.00,426.00
83240,535.00,479.00,257.00,425.00
84243,534.00,478.00,256.00,424.00
85245,534.00,478.00,256.00,424.00
86248,534.00,479.00,256.00,425.00
87250,535.00,480.00,257.00,425.00
88253,535.00,480.00,256.00,425.00
89255,534.00,479.00,256.00,424.00
90258,534.00,478.00,255.00,424.00
91260,533.00,477.00,255.00,423.00
92263,533.00,477.00,254.00,423.00
93265,533.00,477.00,254.00,423.00
94268,533.00,477.00,254.00,423.00
95269,533.00,478.00,254.00,423.00
96272,534.00,478.00,255.00,424.00
97274,533.00,477.00,254.00,423.00
98277,533.00,477.00,254.00,423.00
99279,531.00,475.00,253.00,421.00
100282,531.00,475.00,253.00,421.00
101284,530.00,474.00,252.00,420.00
102287,531.00,475.00,253.00,421.00
103289,532.00,476.00,253.00,422.00
104292,531.00,475.00,253.00,421.00
105294,531.00,475.00,253.00,421.00
106297,529.00,473.00,252.00,420.00
107299,529.00,473.00,251.00,419.00
108302,530.00,473.00,252.00,420.00
109304,528.00,472.00,251.00,419.00
110307,530.00,473.00,251.00,419.00
111309,530.00,473.00,251.00,419.00
112312,530.00,474.00,251.00,420.00
113314,530.00,473.00,251.00,419.00
114317,528.00,472.00,250.00,418.00
115319,528.00,471.00,250.00,418.00
116322,529.00,472.00,250.00,418.00
117324,529.00,472.00,250.00,418.00
118327,529.00,473.00,250.00,419.00
119329,528.00,472.00,250.00,418.00
120332,528.00,472.00,250.00,418.00
121334,530.00,472.00,251.00,419.00
122337,529.00,472.00,250.00,418.00
123339,529.00,472.00,250.00,418.00
124342,528.00,471.00,249.00,417.00
125344,531.00,473.00,253.00,420.00
126346,530.00,473.00,252.00,420.00
127348,530.00,473.00,252.00,420.00
128351,530.00,473.00,252.00,420.00
129353,530.00,473.00,252.00,420.00
130356,529.00,472.00,251.00,419.00
131358,530.00,473.00,252.00,420.00
132361,530.00,473.00,252.00,420.00
133363,530.00,473.00,252.00,420.00
134366,530.00,472.00,252.00,420.00
135368,530.00,473.00,252.00,420.00
136371,531.00,474.00,253.00,421.00
137373,531.00,473.00,253.00,421.00
138376,530.00,473.00,252.00,421.00
139378,530.00,472.00,252.00,420.00
140381,529.00,471.00,251.00,420.00
141383,529.00,471.00,251.00,420.00
142386,529.00,471.00,251.00,419.00
143388,528.00,470.00,251.00,419.00
144391,527.00,470.00,250.00,418.00
145393,527.00,470.00,250.00,418.00
146396,527.00,470.00,250.00,418.00
147398,526.00,468.00,249.00,417.00
148401,529.00,472.00,253.00,421.00
149403,527.00,470.00,252.00,419.00
150406,527.00,470.00,251.00,419.00
151408,529.00,471.00,252.00,420.00
152411,530.00,472.00,252.00,420.00
153413,530.00,472.00,251.00,420.00
154416,531.00,472.00,251.00,421.00
155418,531.00,473.00,251.00,421.00
156421,530.00,472.00,251.00,420.00
157423,529.00,471.00,251.00,420.00
158426,529.00,471.00,250.00,419.00
159428,529.00,471.00,251.00,420.00
160431,529.00,471.00,251.00,420.00
161433,529.00,470.00,250.00,419.00
162436,528.00,470.00,250.00,419.00
163438,527.00,469.00,249.00,418.00
164441,528.00,469.00,249.00,418.00
165443,528.00,469.00,249.00,418.00
166446,528.00,469.00,249.00,418.00
167447,527.00,468.00,249.00,418.00
168450,528.00,469.00,249.00,418.00
169452,527.00,468.00,249.00,418.00
170455,527.00,467.00,248.00,417.00
171457,528.00,469.00,251.00,419.00
172460,527.00,468.00,250.00,418.00
173462,527.00,468.00,251.00,419.00
174465,527.00,468.00,251.00,418.00
175467,526.00,468.00,250.00,418.00
176470,526.00,467.00,250.00,417.00
177472,526.00,467.00,250.00,417.00
178475,526.00,466.00,250.00,417.00
179477,525.00,467.00,250.00,417.00
180480,525.00,466.00,249.00,417.00
Measurement complete.