  MQ Gas Sensor Data Logger
Press the reset button to start measurements.
1009,603.00,610.00,609.00,609.00
2044,650.00,649.00,648.00,647.00
3047,705.00,705.00,703.00,702.00
4049,52.00,137.00,25.00,51.00
5051,79.00,195.00,48.00,79.00
6053,88.00,234.00,52.00,89.00
7056,94.00,267.00,53.00,96.00
8058,103.00,300.00,58.00,106.00
9060,113.00,326.00,63.00,116.00
10062,122.00,348.00,68.00,125.00
11065,131.00,365.00,73.00,135.00
12067,140.00,378.00,78.00,144.00
13070,148.00,389.00,83.00,152.00
14072,155.00,397.00,87.00,160.00
15075,162.00,404.00,91.00,167.00
16076,168.00,409.00,94.00,173.00
17079,174.00,413.00,97.00,179.00
18081,178.00,416.00,100.00,185.00
19084,182.00,418.00,102.00,189.00
20086,186.00,419.00,103.00,194.00
21089,188.00,421.00,105.00,197.00
22091,191.00,422.00,106.00,201.00
23094,193.00,423.00,106.00,204.00
24096,195.00,424.00,107.00,206.00
25099,197.00,425.00,108.00,209.00
26101,199.00,426.00,109.00,211.00
27103,200.00,426.00,110.00,214.00
28105,202.00,427.00,110.00,215.00
29108,203.00,426.00,111.00,217.00
30110,203.00,426.00,111.00,219.00
31113,204.00,426.00,111.00,220.00
32115,205.00,427.00,111.00,221.00
33118,205.00,426.00,112.00,222.00
34120,205.00,426.00,112.00,223.00
35123,206.00,426.00,112.00,224.00
36125,206.00,426.00,112.00,224.00
37128,206.00,426.00,112.00,225.00
38130,206.00,426.00,112.00,226.00
39133,207.00,425.00,112.00,226.00
40134,206.00,425.00,112.00,226.00
41137,206.00,425.00,112.00,227.00
42139,207.00,425.00,112.00,227.00
43142,207.00,424.00,112.00,227.00
44144,207.00,423.00,112.00,227.00
45147,206.00,423.00,112.00,227.00
46149,206.00,423.00,112.00,227.00
47152,206.00,423.00,112.00,227.00
48154,206.00,423.00,112.00,227.00
49157,206.00,423.00,111.00,227.00
50159,206.00,423.00,111.00,227.00
51162,206.00,421.00,111.00,228.00
52164,206.00,421.00,111.00,227.00
53166,206.00,421.00,111.00,227.00
54168,205.00,420.00,111.00,226.00
55171,205.00,420.00,111.00,226.00
56173,205.00,420.00,111.00,226.00
57176,205.00,419.00,111.00,226.00
58178,198.00,414.00,103.00,219.00
59181,198.00,415.00,103.00,219.00
60183,199.00,415.00,103.00,219.00
1009,201.00,415.00,104.00,220.00
2044,200.00,415.00,104.00,220.00
3047,200.00,414.00,104.00,220.00
4049,200.00,414.00,104.00,220.00
5051,200.00,414.00,104.00,220.00
6053,200.00,414.00,104.00,220.00
7056,200.00,414.00,104.00,219.00
8058,200.00,414.00,104.00,219.00
9061,200.00,414.00,104.00,219.00
10063,200.00,414.00,104.00,219.00
11066,199.00,413.00,104.00,219.00
12068,199.00,413.00,103.00,219.00
13071,199.00,413.00,103.00,219.00
14072,199.00,412.00,103.00,219.00
15075,199.00,412.00,103.00,218.00
16077,199.00,412.00,103.00,218.00
17080,199.00,413.00,103.00,218.00
18082,199.00,413.00,103.00,218.00
19085,199.00,413.00,104.00,218.00
20087,199.00,412.00,103.00,218.00
21090,198.00,412.00,104.00,218.00
22092,198.00,411.00,103.00,218.00
23095,198.00,411.00,103.00,218.00
24097,198.00,411.00,103.00,218.00
25100,198.00,411.00,103.00,217.00
26102,198.00,411.00,103.00,217.00
27104,198.00,411.00,103.00,217.00
28106,198.00,411.00,103.00,217.00
29109,198.00,410.00,103.00,217.00
30111,198.00,410.00,103.00,217.00
31114,198.00,410.00,103.00,216.00
32116,198.00,410.00,103.00,216.00
33119,198.00,410.00,103.00,216.00
34121,198.00,409.00,103.00,216.00
35124,197.00,409.00,103.00,216.00
36126,197.00,409.00,103.00,216.00
37129,197.00,409.00,103.00,216.00
38131,197.00,409.00,102.00,215.00
39133,197.00,409.00,102.00,215.00
40135,197.00,409.00,102.00,215.00
41138,197.00,408.00,102.00,215.00
42140,197.00,408.00,102.00,215.00
43143,197.00,408.00,102.00,215.00
44145,197.00,407.00,102.00,214.00
45148,197.00,407.00,102.00,214.00
46150,197.00,407.00,102.00,214.00
47153,197.00,407.00,102.00,214.00
48155,196.00,407.00,102.00,214.00
49158,196.00,407.00,102.00,214.00
50160,196.00,406.00,102.00,214.00
51163,196.00,406.00,102.00,213.00
52164,196.00,406.00,102.00,213.00
53167,196.00,406.00,102.00,213.00
54169,196.00,406.00,102.00,213.00
55172,196.00,407.00,102.00,213.00
56174,196.00,407.00,102.00,213.00
57177,196.00,406.00,102.00,213.00
58179,196.00,406.00,102.00,213.00
59182,196.00,406.00,102.00,212.00
60184,196.00,405.00,102.00,212.00
61187,196.00,406.00,102.00,212.00
62189,196.00,405.00,102.00,212.00
63192,196.00,405.00,102.00,212.00
64194,196.00,405.00,101.00,212.00
65196,196.00,405.00,101.00,212.00
66198,196.00,404.00,101.00,212.00
67201,196.00,403.00,101.00,212.00
68203,196.00,403.00,101.00,211.00
69206,196.00,403.00,101.00,211.00
70208,196.00,403.00,101.00,211.00
71211,196.00,404.00,101.00,211.00
72213,196.00,403.00,101.00,211.00
73216,196.00,403.00,101.00,211.00
74218,196.00,403.00,101.00,210.00
75220,196.00,403.00,101.00,210.00
76223,196.00,403.00,101.00,210.00
77225,196.00,403.00,101.00,210.00
78227,196.00,403.00,101.00,210.00
79229,196.00,403.00,101.00,210.00
80232,195.00,402.00,101.00,210.00
81234,196.00,402.00,101.00,210.00
82237,195.00,402.00,101.00,210.00
83239,195.00,401.00,101.00,210.00
84242,195.00,401.00,101.00,209.00
85244,195.00,401.00,100.00,209.00
86247,195.00,400.00,101.00,209.00
87249,195.00,400.00,100.00,209.00
88252,195.00,401.00,100.00,209.00
89254,195.00,401.00,100.00,209.00
90256,195.00,401.00,100.00,209.00
91258,195.00,401.00,100.00,208.00
92261,195.00,400.00,100.00,208.00
93263,195.00,400.00,100.00,208.00
94266,195.00,400.00,100.00,208.00
95268,195.00,400.00,100.00,208.00
96271,195.00,400.00,100.00,208.00
97273,195.00,399.00,100.00,208.00
98276,195.00,399.00,100.00,208.00
99278,195.00,399.00,100.00,208.00
100281,195.00,399.00,100.00,207.00
101283,195.00,399.00,100.00,207.00
102286,195.00,399.00,100.00,207.00
103288,195.00,399.00,100.00,207.00
104291,195.00,398.00,100.00,207.00
105292,194.00,398.00,100.00,207.00
106295,194.00,398.00,100.00,207.00
107297,194.00,398.00,100.00,207.00
108300,194.00,398.00,100.00,207.00
109302,194.00,398.00,100.00,207.00
110305,194.00,398.00,100.00,206.00
111307,194.00,398.00,100.00,206.00
112310,194.00,398.00,100.00,206.00
113312,194.00,397.00,100.00,206.00
114315,194.00,397.00,100.00,206.00
115317,194.00,397.00,100.00,206.00
116320,195.00,397.00,100.00,206.00
117322,194.00,397.00,100.00,206.00
118325,194.00,397.00,100.00,206.00
119327,194.00,397.00,100.00,206.00
120330,194.00,397.00,100.00,206.00
121332,194.00,396.00,100.00,205.00
122335,194.00,396.00,100.00,205.00
123337,194.00,396.00,100.00,205.00
124340,194.00,396.00,100.00,205.00
125342,194.00,396.00,100.00,205.00
126345,194.00,396.00,100.00,205.00
127347,194.00,396.00,100.00,205.00
128350,194.00,396.00,100.00,205.00
129352,194.00,395.00,100.00,205.00
130355,194.00,395.00,100.00,205.00
131356,194.00,395.00,100.00,205.00
132359,194.00,395.00,99.00,204.00
133361,194.00,395.00,100.00,204.00
134364,194.00,395.00,99.00,204.00
135366,194.00,394.00,99.00,204.00
136369,194.00,395.00,100.00,204.00
137371,194.00,395.00,99.00,204.00
138374,194.00,395.00,100.00,204.00
139376,194.00,394.00,100.00,204.00
140379,194.00,394.00,99.00,204.00
141381,194.00,394.00,99.00,204.00
142384,194.00,394.00,100.00,204.00
143386,194.00,393.00,99.00,204.00
144389,194.00,393.00,99.00,203.00
145391,194.00,393.00,100.00,203.00
146394,194.00,393.00,99.00,203.00
147396,194.00,393.00,99.00,203.00
148398,194.00,393.00,99.00,203.00
149400,194.00,392.00,99.00,203.00
150403,194.00,392.00,99.00,203.00
151405,193.00,392.00,99.00,203.00
152408,193.00,392.00,99.00,203.00
153410,193.00,392.00,99.00,203.00
154413,193.00,392.00,99.00,202.00
155415,193.00,391.00,99.00,202.00
156418,193.00,391.00,99.00,202.00
157420,193.00,391.00,99.00,202.00
158423,193.00,391.00,99.00,202.00
159425,193.00,391.00,99.00,202.00
160427,193.00,391.00,99.00,202.00
161429,193.00,391.00,99.00,202.00
162432,193.00,391.00,99.00,202.00
163434,193.00,391.00,99.00,202.00
164436,193.00,391.00,99.00,201.00
165439,193.00,391.00,99.00,202.00
166441,193.00,391.00,99.00,201.00
167444,193.00,391.00,99.00,201.00
168446,193.00,391.00,99.00,201.00
169449,193.00,390.00,99.00,201.00
170451,193.00,390.00,99.00,201.00
171454,193.00,390.00,99.00,201.00
172456,193.00,390.00,99.00,201.00
173458,193.00,390.00,99.00,201.00
174460,193.00,390.00,99.00,201.00
175463,193.00,390.00,99.00,201.00
176465,193.00,390.00,99.00,200.00
177468,193.00,389.00,99.00,200.00
178470,193.00,389.00,99.00,200.00
179473,193.00,389.00,99.00,200.00
180475,193.00,389.00,99.00,200.00
Measurement complete