  MQ Gas Sensor Data Logger
Press the reset button to start measurements.
1009,227.00,344.00,137.00,195.00
2044,227.00,344.00,137.00,195.00
3047,227.00,343.00,137.00,195.00
4049,227.00,343.00,137.00,194.00
5051,227.00,343.00,137.00,194.00
6053,227.00,343.00,136.00,194.00
7056,227.00,342.00,136.00,193.00
8058,227.00,342.00,136.00,193.00
9061,228.00,342.00,136.00,193.00
10063,228.00,342.00,136.00,193.00
11066,228.00,342.00,136.00,193.00
12068,228.00,342.00,136.00,193.00
13071,228.00,342.00,136.00,193.00
14072,228.00,342.00,136.00,193.00
15075,228.00,342.00,136.00,193.00
16077,228.00,342.00,136.00,193.00
17080,229.00,342.00,136.00,193.00
18082,229.00,341.00,136.00,193.00
19085,229.00,342.00,136.00,193.00
20087,229.00,342.00,136.00,193.00
21090,229.00,342.00,136.00,193.00
22092,230.00,341.00,136.00,193.00
23095,230.00,341.00,136.00,193.00
24097,230.00,341.00,136.00,193.00
25100,230.00,341.00,136.00,193.00
26102,231.00,341.00,136.00,193.00
27104,230.00,341.00,136.00,193.00
28106,231.00,341.00,136.00,193.00
29109,231.00,341.00,136.00,193.00
30111,231.00,341.00,136.00,193.00
31114,231.00,341.00,136.00,193.00
32116,231.00,341.00,136.00,193.00
33119,231.00,341.00,136.00,193.00
34121,231.00,341.00,136.00,193.00
35124,232.00,341.00,136.00,193.00
36126,232.00,340.00,136.00,193.00
37129,232.00,340.00,136.00,193.00
38131,232.00,340.00,136.00,193.00
39133,232.00,340.00,136.00,193.00
40135,232.00,340.00,136.00,193.00
41138,232.00,340.00,136.00,193.00
42140,232.00,340.00,136.00,193.00
43143,232.00,340.00,136.00,193.00
44145,232.00,340.00,136.00,193.00
45148,233.00,340.00,136.00,193.00
46150,233.00,340.00,136.00,193.00
47153,233.00,340.00,136.00,193.00
48155,233.00,340.00,136.00,193.00
49158,233.00,340.00,136.00,193.00
50160,233.00,340.00,136.00,193.00
51163,233.00,340.00,136.00,193.00
52164,233.00,340.00,136.00,193.00
53167,234.00,340.00,136.00,193.00
54169,233.00,340.00,136.00,193.00
55172,233.00,339.00,135.00,193.00
56174,233.00,339.00,135.00,193.00
57177,234.00,339.00,135.00,193.00
58179,234.00,339.00,135.00,193.00
59182,234.00,339.00,135.00,193.00
60184,234.00,339.00,135.00,193.00
61187,234.00,339.00,135.00,193.00
62189,234.00,339.00,135.00,193.00
63192,234.00,339.00,135.00,192.00
64194,234.00,339.00,135.00,192.00
65196,234.00,339.00,135.00,192.00
66198,234.00,338.00,135.00,192.00
67201,234.00,338.00,135.00,192.00
68203,234.00,338.00,135.00,192.00
69206,234.00,338.00,135.00,192.00
70208,234.00,338.00,135.00,192.00
71211,234.00,338.00,135.00,192.00
72213,234.00,338.00,135.00,192.00
73216,234.00,338.00,135.00,192.00
74218,234.00,338.00,135.00,192.00
75220,234.00,338.00,134.00,192.00
76223,234.00,338.00,134.00,192.00
77225,234.00,338.00,134.00,192.00
78227,234.00,338.00,135.00,192.00
79229,234.00,338.00,134.00,192.00
80232,234.00,338.00,134.00,192.00
81234,234.00,338.00,134.00,192.00
82237,235.00,338.00,134.00,192.00
83239,235.00,337.00,134.00,192.00
84242,235.00,337.00,134.00,192.00
85244,235.00,338.00,135.00,192.00
86247,235.00,337.00,134.00,192.00
87249,235.00,337.00,134.00,192.00
88252,235.00,337.00,134.00,192.00
89254,235.00,337.00,134.00,192.00
90256,235.00,337.00,134.00,192.00
91258,235.00,337.00,134.00,192.00
92261,235.00,337.00,134.00,192.00
93263,235.00,337.00,134.00,192.00
94266,235.00,337.00,134.00,192.00
95268,235.00,337.00,134.00,192.00
96271,235.00,336.00,133.00,191.00
97273,235.00,337.00,134.00,192.00
98276,236.00,337.00,134.00,192.00
99278,235.00,337.00,134.00,192.00
100281,236.00,337.00,134.00,192.00
101283,235.00,337.00,134.00,192.00
102286,236.00,337.00,134.00,192.00
103288,236.00,337.00,134.00,192.00
104291,236.00,337.00,134.00,192.00
105292,236.00,337.00,134.00,192.00
106295,236.00,337.00,134.00,192.00
107297,236.00,337.00,134.00,192.00
108300,236.00,337.00,134.00,192.00
109302,236.00,337.00,134.00,192.00
110305,236.00,337.00,134.00,192.00
111307,236.00,336.00,134.00,192.00
112310,236.00,336.00,134.00,192.00
113312,236.00,336.00,134.00,192.00
114315,236.00,336.00,134.00,192.00
115317,236.00,337.00,134.00,192.00
116320,236.00,336.00,134.00,191.00
117322,236.00,336.00,134.00,191.00
118325,236.00,336.00,134.00,191.00
119327,236.00,336.00,134.00,191.00
120330,236.00,336.00,134.00,192.00
121332,236.00,336.00,134.00,191.00
122335,236.00,336.00,134.00,192.00
123337,236.00,336.00,134.00,191.00
124340,236.00,336.00,134.00,191.00
125342,236.00,336.00,134.00,191.00
126345,236.00,336.00,134.00,191.00
127347,236.00,336.00,133.00,191.00
128350,236.00,336.00,133.00,191.00
129352,236.00,336.00,133.00,191.00
130355,236.00,336.00,133.00,191.00
131356,236.00,336.00,133.00,191.00
132359,236.00,336.00,133.00,191.00
133361,236.00,336.00,133.00,191.00
134364,236.00,336.00,133.00,191.00
135366,236.00,336.00,133.00,191.00
136369,237.00,336.00,133.00,191.00
137371,237.00,336.00,133.00,191.00
138374,236.00,336.00,133.00,191.00
139376,237.00,336.00,133.00,191.00
140379,237.00,336.00,133.00,191.00
141381,237.00,335.00,133.00,191.00
142384,237.00,335.00,133.00,191.00
143386,237.00,336.00,133.00,191.00
144389,237.00,336.00,133.00,191.00
145391,237.00,336.00,133.00,191.00
146394,237.00,335.00,133.00,191.00
147396,237.00,335.00,133.00,191.00
148399,237.00,335.00,133.00,191.00
149401,237.00,335.00,133.00,191.00
150404,237.00,335.00,133.00,191.00
151406,237.00,335.00,133.00,191.00
152409,237.00,335.00,133.00,191.00
153411,237.00,335.00,133.00,191.00
154414,237.00,335.00,133.00,190.00
155416,237.00,335.00,133.00,191.00
156419,237.00,335.00,133.00,190.00
157420,237.00,335.00,133.00,190.00
158423,237.00,335.00,133.00,190.00
159425,237.00,335.00,133.00,190.00
160428,237.00,335.00,133.00,190.00
161430,237.00,335.00,133.00,190.00
162433,237.00,335.00,133.00,190.00
163435,237.00,335.00,133.00,190.00
164438,237.00,335.00,133.00,190.00
165440,237.00,335.00,133.00,190.00
166443,237.00,335.00,133.00,190.00
167445,237.00,335.00,133.00,191.00
168448,237.00,335.00,133.00,190.00
169450,237.00,335.00,133.00,190.00
170452,237.00,335.00,133.00,190.00
171455,237.00,334.00,133.00,190.00
172457,237.00,335.00,133.00,190.00
173460,237.00,334.00,133.00,190.00
174462,237.00,335.00,133.00,190.00
175465,237.00,334.00,133.00,190.00
176467,237.00,334.00,133.00,190.00
177470,237.00,334.00,133.00,190.00
178472,237.00,334.00,133.00,190.00
179475,237.00,334.00,133.00,190.00
180477,237.00,334.00,133.00,190.00
Measurement complete.