17:49:59.606 -> 5MQ Gas Sensor Data Logger
17:50:02.342 -> Press the reset button to start measurements.
17:50:02.420 -> 1009,205.00,325.00,88.00,162.00
17:50:03.390 -> 2043,204.00,325.00,87.00,163.00
17:50:04.373 -> 3046,203.00,326.00,87.00,162.00
17:50:05.381 -> 4047,202.00,326.00,87.00,162.00
17:50:06.381 -> 5050,201.00,326.00,87.00,162.00
17:50:07.408 -> 6052,200.00,326.00,87.00,162.00
17:50:08.390 -> 7055,200.00,326.00,87.00,162.00
17:50:09.412 -> 8057,199.00,327.00,87.00,162.00
17:50:10.396 -> 9060,198.00,327.00,87.00,162.00
17:50:11.401 -> 10061,198.00,327.00,87.00,162.00
17:50:12.424 -> 11064,197.00,327.00,87.00,161.00
17:50:13.393 -> 12066,196.00,327.00,87.00,162.00
17:50:14.426 -> 13069,195.00,327.00,86.00,161.00
17:50:15.433 -> 14071,195.00,328.00,86.00,161.00
17:50:16.434 -> 15074,194.00,328.00,86.00,161.00
17:50:17.407 -> 16076,194.00,328.00,86.00,161.00
17:50:18.421 -> 17079,193.00,328.00,86.00,161.00
17:50:19.439 -> 18080,193.00,328.00,86.00,161.00
17:50:20.445 -> 19083,192.00,329.00,86.00,161.00
17:50:21.438 -> 20085,192.00,329.00,86.00,161.00
17:50:22.464 -> 21088,191.00,329.00,86.00,161.00
17:50:23.451 -> 22090,191.00,329.00,86.00,160.00
17:50:24.448 -> 23093,190.00,329.00,86.00,160.00
17:50:25.458 -> 24095,190.00,329.00,86.00,160.00
17:50:26.476 -> 25098,190.00,329.00,86.00,160.00
17:50:27.459 -> 26099,189.00,329.00,86.00,160.00
17:50:28.476 -> 27102,189.00,329.00,86.00,160.00
17:50:29.462 -> 28104,188.00,330.00,85.00,160.00
17:50:30.480 -> 29107,188.00,330.00,85.00,160.00
17:50:31.471 -> 30109,188.00,330.00,85.00,160.00
17:50:32.493 -> 31112,187.00,330.00,85.00,160.00
17:50:33.491 -> 32114,187.00,330.00,85.00,160.00
17:50:34.476 -> 33117,187.00,330.00,85.00,160.00
17:50:35.484 -> 34118,186.00,330.00,85.00,159.00
17:50:36.510 -> 35121,186.00,330.00,85.00,159.00
17:50:37.488 -> 36123,186.00,330.00,85.00,159.00
17:50:38.514 -> 37126,185.00,330.00,85.00,159.00
17:50:39.527 -> 38128,185.00,330.00,85.00,159.00
17:50:40.500 -> 39131,185.00,330.00,85.00,159.00
17:50:41.496 -> 40133,185.00,330.00,85.00,159.00
17:50:42.512 -> 41136,184.00,330.00,85.00,159.00
17:50:43.509 -> 42137,184.00,330.00,85.00,159.00
17:50:44.529 -> 43140,184.00,330.00,85.00,158.00
17:50:45.549 -> 44142,183.00,330.00,85.00,159.00
17:50:46.548 -> 45145,183.00,330.00,85.00,158.00
17:50:47.542 -> 46147,183.00,330.00,85.00,158.00
17:50:48.546 -> 47150,183.00,330.00,85.00,158.00
17:50:49.559 -> 48152,182.00,330.00,85.00,158.00
17:50:50.551 -> 49155,182.00,330.00,85.00,158.00
17:50:51.559 -> 50156,182.00,330.00,85.00,158.00
17:50:52.533 -> 51159,182.00,330.00,85.00,158.00
17:50:53.570 -> 52161,181.00,330.00,85.00,158.00
17:50:54.565 -> 53164,181.00,331.00,85.00,158.00
17:50:55.544 -> 54166,181.00,331.00,85.00,158.00
17:50:56.547 -> 55169,181.00,331.00,85.00,158.00
17:50:57.569 -> 56171,180.00,331.00,84.00,158.00
17:50:58.565 -> 57174,180.00,331.00,85.00,158.00
17:50:59.577 -> 58175,180.00,331.00,85.00,158.00
17:51:00.568 -> 59177,180.00,331.00,85.00,158.00
17:51:01.591 -> 60180,180.00,331.00,85.00,157.00
17:51:02.579 -> 61182,179.00,331.00,85.00,157.00
17:51:03.592 -> 62185,179.00,330.00,84.00,157.00
17:51:04.607 -> 63187,179.00,331.00,84.00,157.00
17:51:05.578 -> 64190,179.00,330.00,84.00,157.00
17:51:06.604 -> 65191,179.00,331.00,84.00,157.00
17:51:07.614 -> 66194,178.00,330.00,84.00,157.00
17:51:08.619 -> 67196,178.00,330.00,84.00,157.00
17:51:09.608 -> 68199,178.00,330.00,84.00,157.00
17:51:10.626 -> 69201,178.00,330.00,84.00,157.00
17:51:11.617 -> 70204,178.00,330.00,84.00,157.00
17:51:12.628 -> 71206,178.00,330.00,84.00,157.00
17:51:13.628 -> 72209,177.00,330.00,84.00,157.00
17:51:14.627 -> 73210,177.00,330.00,84.00,157.00
17:51:15.630 -> 74213,177.00,330.00,84.00,156.00
17:51:16.650 -> 75215,177.00,330.00,84.00,156.00
17:51:17.654 -> 76218,177.00,330.00,84.00,156.00
17:51:18.667 -> 77220,176.00,330.00,84.00,156.00
17:51:19.629 -> 78223,176.00,330.00,84.00,156.00
17:51:20.661 -> 79225,176.00,330.00,84.00,156.00
17:51:21.636 -> 80228,176.00,330.00,84.00,156.00
17:51:22.670 -> 81229,176.00,330.00,84.00,156.00
17:51:23.644 -> 82232,176.00,330.00,84.00,156.00
17:51:24.685 -> 83234,176.00,330.00,84.00,156.00
17:51:25.668 -> 84237,175.00,330.00,84.00,156.00
17:51:26.666 -> 85239,175.00,330.00,84.00,156.00
17:51:27.695 -> 86242,175.00,330.00,84.00,156.00
17:51:28.662 -> 87244,175.00,330.00,84.00,156.00
17:51:29.661 -> 88247,175.00,330.00,84.00,156.00
17:51:30.706 -> 89248,175.00,329.00,84.00,155.00
17:51:31.712 -> 90251,175.00,329.00,84.00,155.00
17:51:32.687 -> 91253,175.00,329.00,84.00,156.00
17:51:33.705 -> 92256,174.00,329.00,84.00,155.00
17:51:34.683 -> 93258,174.00,329.00,84.00,155.00
17:51:35.719 -> 94261,174.00,329.00,84.00,155.00
17:51:36.729 -> 95263,174.00,329.00,84.00,155.00
17:51:37.717 -> 96266,174.00,329.00,84.00,155.00
17:51:38.697 -> 97267,174.00,329.00,84.00,155.00
17:51:39.735 -> 98270,174.00,329.00,84.00,155.00
17:51:40.734 -> 99272,174.00,329.00,84.00,155.00
17:51:41.735 -> 100275,174.00,329.00,84.00,155.00
17:51:42.749 -> 101277,174.00,329.00,84.00,155.00
17:51:43.728 -> 102280,173.00,329.00,84.00,155.00
17:51:44.744 -> 103282,173.00,329.00,84.00,155.00
17:51:45.740 -> 104285,173.00,328.00,84.00,155.00
17:51:46.753 -> 105287,173.00,328.00,84.00,155.00
17:51:47.732 -> 106290,173.00,329.00,84.00,155.00
17:51:48.771 -> 107292,173.00,328.00,84.00,155.00
17:51:49.775 -> 108294,173.00,328.00,84.00,155.00
17:51:50.742 -> 109296,173.00,328.00,84.00,154.00
17:51:51.761 -> 110299,173.00,328.00,84.00,155.00
17:51:52.785 -> 111301,172.00,328.00,84.00,154.00
17:51:53.753 -> 112304,172.00,328.00,84.00,155.00
17:51:54.792 -> 113306,172.00,328.00,84.00,155.00
17:51:55.779 -> 114309,172.00,328.00,84.00,155.00
17:51:56.765 -> 115311,172.00,328.00,84.00,154.00
17:51:57.794 -> 116314,172.00,328.00,84.00,154.00
17:51:58.803 -> 117316,172.00,327.00,84.00,154.00
17:51:59.815 -> 118319,172.00,327.00,84.00,154.00
17:52:00.809 -> 119321,172.00,327.00,84.00,154.00
17:52:01.813 -> 120324,172.00,327.00,84.00,154.00
17:52:02.811 -> 121325,171.00,327.00,84.00,154.00
17:52:03.825 -> 122328,171.00,327.00,84.00,154.00
17:52:04.793 -> 123330,171.00,326.00,84.00,154.00
17:52:05.796 -> 124333,171.00,326.00,84.00,154.00
17:52:06.835 -> 125335,171.00,326.00,84.00,154.00
17:52:07.821 -> 126338,171.00,326.00,84.00,154.00
17:52:08.830 -> 127340,170.00,326.00,84.00,153.00
17:52:09.842 -> 128343,170.00,326.00,83.00,153.00
17:52:10.827 -> 129345,170.00,326.00,84.00,153.00
17:52:11.831 -> 130348,170.00,325.00,84.00,153.00
17:52:12.857 -> 131350,170.00,325.00,83.00,153.00
17:52:13.842 -> 132353,170.00,325.00,83.00,153.00
17:52:14.855 -> 133354,170.00,325.00,83.00,153.00
17:52:15.871 -> 134356,169.00,325.00,83.00,153.00
17:52:16.868 -> 135359,169.00,324.00,83.00,153.00
17:52:17.856 -> 136361,169.00,324.00,83.00,153.00
17:52:18.873 -> 137364,169.00,324.00,83.00,153.00
17:52:19.880 -> 138366,169.00,324.00,83.00,152.00
17:52:20.879 -> 139369,169.00,324.00,83.00,153.00
17:52:21.892 -> 140371,169.00,324.00,83.00,152.00
17:52:22.859 -> 141374,169.00,324.00,83.00,152.00
17:52:23.863 -> 142376,169.00,324.00,83.00,152.00
17:52:24.894 -> 143379,169.00,324.00,83.00,152.00
17:52:25.913 -> 144381,169.00,324.00,83.00,152.00
17:52:26.897 -> 145384,168.00,324.00,83.00,152.00
17:52:27.878 -> 146385,168.00,323.00,83.00,152.00
17:52:28.910 -> 147388,168.00,323.00,83.00,152.00
17:52:29.892 -> 148390,168.00,323.00,83.00,152.00
17:52:30.914 -> 149393,168.00,323.00,83.00,152.00
17:52:31.924 -> 150395,168.00,323.00,83.00,152.00
17:52:32.894 -> 151398,168.00,323.00,83.00,152.00
17:52:33.899 -> 152400,168.00,323.00,83.00,152.00
17:52:34.931 -> 153403,168.00,323.00,83.00,152.00
17:52:35.938 -> 154405,167.00,323.00,83.00,151.00
17:52:36.910 -> 155408,167.00,323.00,82.00,151.00
17:52:37.921 -> 156410,167.00,323.00,83.00,151.00
17:52:38.917 -> 157413,167.00,322.00,83.00,151.00
17:52:39.954 -> 158415,167.00,322.00,83.00,151.00
17:52:40.924 -> 159417,167.00,322.00,83.00,151.00
17:52:41.963 -> 160419,167.00,322.00,83.00,151.00
17:52:42.953 -> 161422,167.00,322.00,82.00,151.00
17:52:43.935 -> 162424,167.00,322.00,83.00,151.00
17:52:44.962 -> 163427,167.00,322.00,82.00,151.00
17:52:45.975 -> 164429,167.00,322.00,82.00,151.00
17:52:46.947 -> 165432,167.00,322.00,82.00,151.00
17:52:47.972 -> 166434,167.00,322.00,82.00,151.00
17:52:48.976 -> 167437,167.00,322.00,82.00,151.00
17:52:49.967 -> 168439,167.00,322.00,82.00,151.00
17:52:50.992 -> 169442,167.00,322.00,82.00,151.00
17:52:51.976 -> 170444,167.00,321.00,82.00,151.00
17:52:52.968 -> 171446,166.00,321.00,82.00,151.00
17:52:54.005 -> 172448,166.00,321.00,82.00,151.00
17:52:55.005 -> 173451,166.00,321.00,82.00,151.00
17:52:56.007 -> 174453,166.00,321.00,82.00,151.00
17:52:57.015 -> 175456,166.00,321.00,83.00,150.00
17:52:58.004 -> 176458,166.00,321.00,83.00,151.00
17:52:59.023 -> 177461,166.00,321.00,83.00,150.00
17:53:00.007 -> 178463,166.00,321.00,82.00,150.00
17:53:01.018 -> 179466,166.00,321.00,82.00,150.00
17:53:02.024 -> 180468,166.00,321.00,82.00,150.00
17:53:03.032 -> Measurement complete.